1 -131.283 113.504
2 -130.882 113.518
3 -130.523 113.477
4 -130.232 113.389
5 -130.031 113.264
6 -129.932 113.104
7 -129.931 112.91
8 -130.014 112.678
9 -130.159 112.405
10 -130.342 112.091
11 -130.542 111.742
12 -130.743 111.373
13 -130.932 111.012
14 -131.094 110.691
15 -131.212 110.437
16 -131.269 110.271
17 -131.247 110.2
18 -131.133 110.221
19 -130.915 110.327
20 -130.588 110.513
21 -130.152 110.774
22 -129.609 111.115
23 -128.972 111.541
24 -128.26 112.052
25 -127.501 112.643
26 -126.727 113.302
27 -125.972 114.007
28 -125.266 114.731
29 -124.633 115.443
30 -124.087 116.12
31 -123.636 116.741
32 -123.282 117.291
33 -123.022 117.756
34 -122.851 118.119
35 -122.755 118.363
36 -122.715 118.472
37 -122.706 118.432
38 -122.709 118.234
39 -122.708 117.881
40 -122.701 117.391
41 -122.697 116.793
42 -122.715 116.126
43 -122.774 115.438
44 -122.886 114.778
45 -123.048 114.186
46 -123.243 113.688
47 -123.444 113.296
48 -123.617 113.009
49 -123.733 112.82
50 -123.767 112.718
51 -123.707 112.694
52 -123.543 112.743
53 -123.276 112.867
54 -122.913 113.07
55 -122.46 113.352
56 -121.925 113.706
57 -121.308 114.114
58 -120.607 114.544
59 -119.819 114.959
60 -118.941 115.325
61 -117.977 115.615
62 -116.935 115.821
63 -115.848 115.942
64 -114.762 115.991
65 -113.728 115.987
66 -112.796 115.948
67 -112.007 115.889
68 -111.395 115.821
69 -110.977 115.744
70 -110.759 115.656
71 -110.737 115.549
72 -110.899 115.416
73 -111.229 115.247
74 -111.707 115.032
75 -112.31 114.766
76 -113.014 114.445
77 -113.798 114.067
78 -114.64 113.637
79 -115.515 113.167
80 -116.403 112.666
81 -117.283 112.146
82 -118.132 111.615
83 -118.927 111.08
84 -119.639 110.544
85 -120.244 110.01
86 -120.724 109.482
87 -121.068 108.965
88 -121.276 108.47
89 -121.356 108.01
90 -121.323 107.603
91 -121.193 107.264
92 -120.983 107.004
93 -120.703 106.826
94 -120.359 106.724
95 -119.952 106.68
96 -119.477 106.671
97 -118.931 106.67
98 -118.314 106.659
99 -117.635 106.627
100 -116.913 106.572
101 -116.175 106.504
102 -115.455 106.436
103 -114.792 106.381
104 -114.227 106.348
105 -113.792 106.334
106 -113.505 106.327
107 -113.373 106.311
108 -113.392 106.264
109 -113.555 106.171
110 -113.848 106.021
111 -114.258 105.815
112 -114.776 105.559
113 -115.384 105.266
114 -116.061 104.951
115 -116.781 104.628
116 -117.513 104.303
117 -118.222 103.982
118 -118.875 103.666
119 -119.44 103.357
120 -119.892 103.061
121 -120.212 102.79
122 -120.396 102.56
123 -120.448 102.388
124 -120.384 102.292
125 -120.229 102.283
126 -120.01 102.361
127 -119.753 102.519
128 -119.471 102.743
129 -119.174 103.011
130 -118.858 103.301
131 -118.516 103.595
132 -118.137 103.876
133 -117.711 104.128
134 -117.234 104.338
135 -116.699 104.495
136 -116.108 104.589
137 -115.464 104.613
138 -114.777 104.568
139 -114.067 104.461
140 -113.359 104.308
141 -112.681 104.134
142 -112.06 103.97
143 -111.523 103.847
144 -111.091 103.793
145 -110.777 103.829
146 -110.586 103.967
147 -110.519 104.212
148 -110.57 104.561
149 -110.729 105.004
150 -110.979 105.523
151 -111.299 106.097
152 -111.667 106.705
153 -112.056 107.321
154 -112.441 107.918
155 -112.798 108.474
156 -113.103 108.97
157 -113.335 109.389
158 -113.477 109.718
159 -113.514 109.944
160 -113.439 110.058
161 -113.249 110.054
162 -112.95 109.93
163 -112.55 109.686
164 -112.066 109.33
165 -111.521 108.873
166 -110.941 108.336
167 -110.36 107.747
168 -109.816 107.142
169 -109.344 106.559
170 -108.975 106.034
171 -108.723 105.593
172 -108.587 105.246
173 -108.55 104.988
174 -108.581 104.802
175 -108.644 104.663
176 -108.706 104.55
177 -108.742 104.453
178 -108.734 104.372
179 -108.678 104.319
180 -108.575 104.311
181 -108.427 104.355
182 -108.234 104.449
183 -107.995 104.571
184 -107.702 104.689
185 -107.349 104.766
186 -106.934 104.775
187 -106.464 104.703
188 -105.958 104.559
189 -105.449 104.373
190 -104.973 104.186
191 -104.568 104.039
192 -104.26 103.965
193 -104.059 103.977
194 -103.957 104.072
195 -103.924 104.228
196 -103.921 104.418
197 -103.904 104.619
198 -103.84 104.817
199 -103.708 105.012
200 -103.506 105.218
201 -103.251 105.458
202 -102.974 105.755
203 -102.712 106.124
204 -102.499 106.564
205 -102.352 107.06
206 -102.274 107.582
207 -102.249 108.09
208 -102.25 108.542
209 -102.246 108.901
210 -102.208 109.137
211 -102.114 109.23
212 -101.946 109.17
213 -101.697 108.957
214 -101.364 108.604
215 -100.949 108.133
216 -100.458 107.581
217 -99.8966 106.988
218 -99.2728 106.401
219 -98.5934 105.863
220 -97.8637 105.409
221 -97.0913 105.058
222 -96.2869 104.818
223 -95.474 104.688
224 -94.6901 104.671
225 -93.9804 104.77
226 -93.395 105
227 -92.9801 105.376
228 -92.7708 105.911
229 -92.7797 106.603
230 -92.9884 107.426
231 -93.3484 108.334
232 -93.7925 109.262
233 -94.2468 110.139
234 -94.6481 110.898
235 -94.9589 111.499
236 -95.1724 111.926
237 -95.3093 112.192
238 -95.4083 112.329
239 -95.513 112.381
240 -95.6581 112.387
241 -95.8599 112.372
242 -96.1161 112.34
243 -96.4118 112.278
244 -96.7305 112.163
245 -97.0629 111.976
246 -97.4115 111.709
247 -97.791 111.378
248 -98.2232 111.011
249 -98.7296 110.646
250 -99.3263 110.314
251 -100.016 110.033
252 -100.782 109.797
253 -101.59 109.582
254 -102.391 109.353
255 -103.136 109.077
256 -103.784 108.736
257 -104.316 108.334
258 -104.739 107.899
259 -105.079 107.481
260 -105.374 107.134
261 -105.655 106.9
262 -105.933 106.799
263 -106.201 106.825
264 -106.438 106.947
265 -106.621 107.126
266 -106.74 107.33
267 -106.805 107.551
268 -106.84 107.804
269 -106.88 108.125
270 -106.958 108.556
271 -107.098 109.125
272 -107.31 109.833
273 -107.585 110.65
274 -107.898 111.523
275 -108.214 112.388
276 -108.489 113.19
277 -108.687 113.896
278 -108.778 114.5
279 -108.753 115.025
280 -108.627 115.513
281 -108.43 116.012
282 -108.208 116.564
283 -108.002 117.184
284 -107.837 117.863
285 -107.715 118.564
286 -107.616 119.239
287 -107.514 119.843
288 -107.389 120.346
289 -107.233 120.741
290 -107.061 121.044
291 -106.898 121.286
292 -106.78 121.501
293 -106.732 121.717
294 -106.77 121.942
295 -106.884 122.164
296 -107.047 122.356
297 -107.216 122.48
298 -107.346 122.498
299 -107.392 122.384
300 -107.325 122.129
301 -107.136 121.744
302 -106.834 121.257
303 -106.443 120.704
304 -105.997 120.129
305 -105.526 119.565
306 -105.047 119.033
307 -104.557 118.538
308 -104.032 118.074
309 -103.438 117.626
310 -102.734 117.174
311 -101.891 116.693
312 -100.897 116.167
313 -99.7652 115.588
314 -98.5318 114.967
315 -97.2498 114.331
316 -95.9791 113.725
317 -94.7739 113.194
318 -93.6788 112.772
319 -92.7209 112.471
320 -91.9016 112.27
321 -91.1998 112.122
322 -90.5812 111.967
323 -90.0126 111.752
324 -89.4771 111.448
325 -88.9827 111.058
326 -88.5634 110.614
327 -88.2687 110.172
328 -88.1427 109.786
329 -88.2032 109.495
330 -88.4283 109.307
331 -88.7566 109.194
332 -89.102 109.103
333 -89.3772 108.968
334 -89.5166 108.732
335 -89.4923 108.361
336 -89.3182 107.86
337 -89.0442 107.272
338 -88.7422 106.67
339 -88.4845 106.142
340 -88.3197 105.755
341 -88.2575 105.534
342 -88.2654 105.453
343 -88.2796 105.448
344 -88.2261 105.434
345 -88.0439 105.347
346 -87.704 105.163
347 -87.2209 104.914
348 -86.6531 104.682
349 -86.0904 104.569
350 -85.6289 104.669
351 -85.339 105.027
352 -85.2402 105.628
353 -85.2955 106.394
354 -85.4288 107.216
355 -85.5564 107.991
356 -85.62 108.651
357 -85.6104 109.182
358 -85.5744 109.62
359 -85.6046 110.031
360 -85.8114 110.492
361 -86.2868 111.058
362 -87.0708 111.747
363 -88.1385 112.531
364 -89.4096 113.345
365 -90.7763 114.109
366 -92.135 114.749
367 -93.4141 115.223
368 -94.5758 115.521
369 -95.6148 115.672
370 -96.5581 115.733
371 -97.4463 115.775
372 -98.3204 115.861
373 -99.2036 116.033
374 -100.092 116.3
375 -100.956 116.639
376 -101.747 117.009
377 -102.408 117.371
378 -102.885 117.7
379 -103.142 117.996
380 -103.176 118.281
381 -103.015 118.588
382 -102.718 118.948
383 -102.356 119.374
384 -101.989 119.855
385 -101.658 120.357
386 -101.373 120.831
387 -101.122 121.226
388 -100.885 121.499
389 -100.647 121.616
390 -100.403 121.559
391 -100.169 121.319
392 -99.973 120.894
393 -99.8586 120.295
394 -99.8733 119.539
395 -100.062 118.66
396 -100.459 117.697
397 -101.079 116.693
398 -101.909 115.683
399 -102.912 114.691
400 -104.028 113.728
401 -105.186 112.799
402 -106.32 111.909
403 -107.38 111.07
404 -108.34 110.311
405 -109.2 109.665
406 -109.973 109.171
407 -110.67 108.862
408 -111.285 108.757
409 -111.796 108.858
410 -112.16 109.145
411 -112.335 109.578
412 -112.289 110.111
413 -112.011 110.697
414 -111.517 111.296
415 -110.849 111.892
416 -110.065 112.491
417 -109.233 113.123
418 -108.427 113.828
419 -107.711 114.642
420 -107.135 115.574
421 -106.718 116.601
422 -106.447 117.666
423 -106.282 118.688
424 -106.166 119.587
425 -106.047 120.305
426 -105.896 120.82
427 -105.714 121.147
428 -105.535 121.331
429 -105.405 121.427
430 -105.367 121.481
431 -105.438 121.511
432 -105.599 121.496
433 -105.801 121.392
434 -105.983 121.144
435 -106.101 120.713
436 -106.138 120.093
437 -106.121 119.323
438 -106.112 118.485
439 -106.192 117.693
440 -106.443 117.068
441 -106.915 116.709
442 -107.613 116.667
443 -108.494 116.93
444 -109.476 117.434
445 -110.458 118.079
446 -111.345 118.766
447 -112.062 119.422
448 -112.568 120.015
449 -112.849 120.55
450 -112.921 121.057
451 -112.816 121.571
452 -112.574 122.115
453 -112.231 122.685
454 -111.815 123.261
455 -111.346 123.804
456 -110.841 124.28
457 -110.322 124.665
458 -109.827 124.949
459 -109.405 125.133
460 -109.113 125.222
461 -109 125.214
462 -109.093 125.097
463 -109.392 124.855
464 -109.868 124.471
465 -110.476 123.939
466 -111.164 123.261
467 -111.884 122.453
468 -112.595 121.533
469 -113.262 120.515
470 -113.859 119.414
471 -114.362 118.241
472 -114.754 117.007
473 -115.033 115.725
474 -115.215 114.419
475 -115.336 113.124
476 -115.443 111.889
477 -115.586 110.774
478 -115.8 109.841
479 -116.095 109.14
480 -116.459 108.702
481 -116.86 108.524
482 -117.264 108.578
483 -117.641 108.814
484 -117.971 109.178
485 -118.242 109.627
486 -118.445 110.139
487 -118.571 110.714
488 -118.606 111.374
489 -118.537 112.139
490 -118.348 113.017
491 -118.029 113.987
492 -117.571 115.002
493 -116.973 115.997
494 -116.239 116.91
495 -115.384 117.701
496 -114.445 118.363
497 -113.48 118.923
498 -112.574 119.431
499 -111.829 119.936
500 -111.332 120.468
501 -111.139 121.025
502 -111.248 121.569
503 -111.607 122.042
504 -112.131 122.383
505 -112.726 122.546
506 -113.315 122.511
507 -113.847 122.288
508 -114.303 121.913
509 -114.688 121.444
510 -115.014 120.948
511 -115.297 120.489
512 -115.543 120.109
513 -115.75 119.825
514 -115.905 119.624
515 -115.997 119.48
516 -116.017 119.364
517 -115.968 119.269
518 -115.871 119.213
519 -115.758 119.248
520 -115.673 119.438
521 -115.663 119.842
522 -115.756 120.488
523 -115.957 121.359
524 -116.232 122.392
525 -116.524 123.497
526 -116.76 124.575
527 -116.874 125.549
528 -116.82 126.369
529 -116.578 127.016
530 -116.156 127.498
531 -115.585 127.836
532 -114.911 128.059
533 -114.182 128.194
534 -113.448 128.259
535 -112.752 128.268
536 -112.13 128.231
537 -111.609 128.156
538 -111.215 128.048
539 -110.966 127.915
540 -110.873 127.761
541 -110.937 127.588
542 -111.153 127.401
543 -111.507 127.203
544 -111.984 127.001
545 -112.563 126.802
546 -113.216 126.612
547 -113.907 126.433
548 -114.586 126.256
549 -115.2 126.07
550 -115.692 125.857
551 -116.02 125.602
552 -116.159 125.296
553 -116.115 124.945
554 -115.915 124.57
555 -115.61 124.207
556 -115.26 123.907
557 -114.92 123.722
558 -114.632 123.701
559 -114.413 123.868
560 -114.258 124.222
561 -114.145 124.728
562 -114.043 125.333
563 -113.921 125.966
564 -113.754 126.568
565 -113.535 127.097
566 -113.267 127.544
567 -112.972 127.927
568 -112.679 128.279
569 -112.417 128.633
570 -112.203 129.002
571 -112.036 129.368
572 -111.895 129.685
573 -111.747 129.895
574 -111.565 129.948
575 -111.343 129.821
576 -111.107 129.532
577 -110.912 129.14
578 -110.836 128.732
579 -110.952 128.404
580 -111.306 128.23
581 -111.892 128.243
582 -112.66 128.43
583 -113.526 128.737
584 -114.396 129.097
585 -115.187 129.446
586 -115.846 129.748
587 -116.345 130.001
588 -116.683 130.233
589 -116.879 130.495
590 -116.959 130.841
591 -116.953 131.308
592 -116.886 131.907
593 -116.768 132.613
594 -116.599 133.378
595 -116.369 134.144
596 -116.072 134.868
597 -115.713 135.527
598 -115.317 136.129
599 -114.933 136.697
600 -114.62 137.263
601 -114.429 137.846
602 -114.391 138.44
603 -114.505 139.015
604 -114.734 139.529
605 -115.024 139.934
606 -115.318 140.196
607 -115.571 140.303
608 -115.758 140.261
609 -115.878 140.095
610 -115.946 139.841
611 -115.991 139.535
612 -116.048 139.206
613 -116.146 138.875
614 -116.317 138.549
615 -116.579 138.234
616 -116.946 137.933
617 -117.412 137.658
618 -117.962 137.425
619 -118.566 137.256
620 -119.189 137.168
621 -119.801 137.173
622 -120.376 137.27
623 -120.904 137.445
624 -121.374 137.673
625 -121.778 137.926
626 -122.098 138.179
627 -122.307 138.412
628 -122.371 138.614
629 -122.257 138.783
630 -121.938 138.917
631 -121.397 139.01
632 -120.634 139.055
633 -119.666 139.043
634 -118.527 138.965
635 -117.266 138.825
636 -115.95 138.643
637 -114.66 138.45
638 -113.484 138.286
639 -112.511 138.184
640 -111.797 138.156
641 -111.362 138.189
642 -111.181 138.243
643 -111.204 138.266
644 -111.366 138.211
645 -111.614 138.051
646 -111.915 137.787
647 -112.255 137.446
648 -112.628 137.07
649 -113.029 136.701
650 -113.439 136.37
651 -113.825 136.078
652 -114.146 135.804
653 -114.36 135.51
654 -114.435 135.16
655 -114.356 134.732
656 -114.131 134.233
657 -113.784 133.698
658 -113.359 133.183
659 -112.903 132.755
660 -112.465 132.467
661 -112.076 132.345
662 -111.746 132.378
663 -111.461 132.517
664 -111.187 132.693
665 -110.882 132.835
666 -110.512 132.888
667 -110.061 132.828
668 -109.54 132.662
669 -108.983 132.426
670 -108.443 132.17
671 -107.974 131.938
672 -107.622 131.757
673 -107.41 131.627
674 -107.339 131.525
675 -107.4 131.417
676 -107.585 131.278
677 -107.891 131.097
678 -108.328 130.889
679 -108.906 130.68
680 -109.632 130.499
681 -110.497 130.362
682 -111.479 130.26
683 -112.541 130.162
684 -113.64 130.027
685 -114.732 129.812
686 -115.776 129.488
687 -116.734 129.043
688 -117.569 128.483
689 -118.253 127.828
690 -118.765 127.101
691 -119.102 126.324
692 -119.281 125.517
693 -119.33 124.697
694 -119.289 123.882
695 -119.195 123.093
696 -119.078 122.355
697 -118.953 121.698
698 -118.826 121.153
699 -118.694 120.742
700 -118.552 120.481
701 -118.394 120.37
702 -118.218 120.394
703 -118.024 120.529
704 -117.812 120.747
705 -117.587 121.024
706 -117.356 121.348
707 -117.13 121.723
708 -116.923 122.161
709 -116.748 122.674
710 -116.613 123.269
711 -116.518 123.935
712 -116.46 124.644
713 -116.433 125.353
714 -116.441 126.014
715 -116.494 126.586
716 -116.614 127.045
717 -116.82 127.387
718 -117.124 127.62
719 -117.522 127.762
720 -117.99 127.827
721 -118.493 127.817
722 -118.986 127.717
723 -119.427 127.507
724 -119.78 127.164
725 -120.014 126.674
726 -120.102 126.042
727 -120.018 125.29
728 -119.739 124.457
729 -119.245 123.591
730 -118.526 122.737
731 -117.581 121.93
732 -116.421 121.186
733 -115.069 120.508
734 -113.56 119.894
735 -111.929 119.342
736 -110.225 118.867
737 -108.504 118.5
738 -106.848 118.285
739 -105.352 118.271
740 -104.097 118.488
741 -103.132 118.933
742 -102.455 119.573
743 -102.021 120.339
744 -101.763 121.156
745 -101.612 121.956
746 -101.52 122.699
747 -101.466 123.375
748 -101.455 124.003
749 -101.499 124.614
750 -101.613 125.231
751 -101.801 125.861
752 -102.058 126.483
753 -102.373 127.059
754 -102.735 127.543
755 -103.141 127.899
756 -103.59 128.11
757 -104.09 128.185
758 -104.645 128.155
759 -105.255 128.065
760 -105.91 127.956
761 -106.586 127.854
762 -107.244 127.762
763 -107.832 127.656
764 -108.291 127.5
765 -108.57 127.255
766 -108.634 126.899
767 -108.472 126.437
768 -108.102 125.907
769 -107.571 125.373
770 -106.942 124.91
771 -106.282 124.58
772 -105.649 124.42
773 -105.085 124.429
774 -104.617 124.581
775 -104.268 124.831
776 -104.063 125.141
777 -104.038 125.488
778 -104.238 125.871
779 -104.71 126.299
780 -105.482 126.784
781 -106.555 127.324
782 -107.899 127.9
783 -109.45 128.473
784 -111.125 128.994
785 -112.841 129.412
786 -114.523 129.693
787 -116.115 129.818
788 -117.58 129.795
789 -118.892 129.647
790 -120.039 129.412
791 -121.019 129.129
792 -121.836 128.836
793 -122.5 128.558
794 -123.026 128.31
795 -123.432 128.101
796 -123.735 127.933
797 -123.945 127.81
798 -124.072 127.74
799 -124.117 127.728
800 -124.086 127.78
801 -123.987 127.887
802 -123.832 128.035
803 -123.64 128.193
804 -123.428 128.33
805 -123.211 128.411
806 -122.996 128.408
807 -122.788 128.303
808 -122.585 128.085
809 -122.388 127.752
810 -122.198 127.303
811 -122.019 126.737
812 -121.863 126.052
813 -121.75 125.25
814 -121.708 124.342
815 -121.775 123.353
816 -121.991 122.326
817 -122.388 121.319
818 -122.983 120.394
819 -123.774 119.603
820 -124.732 118.97
821 -125.815 118.494
822 -126.973 118.148
823 -128.159 117.893
824 -129.333 117.692
825 -130.463 117.524
826 -131.523 117.39
827 -132.487 117.305
828 -133.328 117.289
829 -134.018 117.353
830 -134.528 117.491
831 -134.836 117.674
832 -134.927 117.861
833 -134.797 118.009
834 -134.451 118.089
835 -133.903 118.1
836 -133.179 118.07
837 -132.313 118.052
838 -131.35 118.12
839 -130.343 118.34
840 -129.352 118.756
841 -128.43 119.376
842 -127.616 120.17
843 -126.932 121.079
844 -126.379 122.034
845 -125.942 122.979
846 -125.601 123.883
847 -125.345 124.743
848 -125.175 125.581
849 -125.105 126.426
850 -125.155 127.3
851 -125.339 128.199
852 -125.66 129.095
853 -126.103 129.943
854 -126.641 130.689
855 -127.246 131.291
856 -127.892 131.724
857 -128.561 131.988
858 -129.244 132.103
859 -129.932 132.1
860 -130.62 132.015
861 -131.303 131.874
862 -131.974 131.693
863 -132.627 131.474
864 -133.25 131.214
865 -133.824 130.908
866 -134.319 130.563
867 -134.697 130.193
868 -134.919 129.825
869 -134.948 129.491
870 -134.765 129.22
871 -134.37 129.032
872 -133.779 128.938
873 -133.02 128.938
874 -132.124 129.031
875 -131.113 129.218
876 -130.004 129.502
877 -128.815 129.889
878 -127.567 130.383
879 -126.285 130.977
880 -125.003 131.654
881 -123.759 132.382
882 -122.581 133.125
883 -121.498 133.843
884 -120.539 134.507
885 -119.731 135.1
886 -119.102 135.623
887 -118.676 136.086
888 -118.464 136.502
889 -118.455 136.88
890 -118.615 137.212
891 -118.895 137.479
892 -119.238 137.657
893 -119.597 137.723
894 -119.941 137.673
895 -120.254 137.524
896 -120.528 137.316
897 -120.757 137.102
898 -120.924 136.934
899 -121.012 136.849
900 -121.01 136.855
901 -120.913 136.93
902 -120.727 137.034
903 -120.459 137.122
904 -120.118 137.165
905 -119.711 137.158
906 -119.251 137.124
907 -118.752 137.107
908 -118.231 137.159
909 -117.702 137.321
910 -117.168 137.602
911 -116.62 137.982
912 -116.037 138.411
913 -115.394 138.829
914 -114.671 139.184
915 -113.869 139.453
916 -113.012 139.646
917 -112.152 139.803
918 -111.361 139.982
919 -110.715 140.237
920 -110.274 140.598
921 -110.069 141.056
922 -110.097 141.564
923 -110.328 142.056
924 -110.717 142.461
925 -111.218 142.731
926 -111.791 142.848
927 -112.408 142.833
928 -113.055 142.732
929 -113.723 142.606
930 -114.404 142.507
931 -115.081 142.466
932 -115.725 142.48
933 -116.294 142.518
934 -116.733 142.536
935 -116.983 142.493
936 -116.994 142.368
937 -116.731 142.167
938 -116.191 141.921
939 -115.406 141.676
940 -114.447 141.48
941 -113.415 141.367
942 -112.416 141.353
943 -111.544 141.43
944 -110.856 141.569
945 -110.375 141.737
946 -110.092 141.9
947 -109.982 142.04
948 -110.017 142.148
949 -110.177 142.226
950 -110.454 142.282
951 -110.849 142.326
952 -111.366 142.363
953 -112.008 142.398
954 -112.771 142.429
955 -113.641 142.451
956 -114.593 142.455
957 -115.591 142.426
958 -116.592 142.349
959 -117.549 142.204
960 -118.419 141.973
961 -119.17 141.638
962 -119.788 141.192
963 -120.283 140.632
964 -120.688 139.974
965 -121.05 139.246
966 -121.413 138.49
967 -121.801 137.751
968 -122.209 137.067
969 -122.597 136.459
970 -122.912 135.928
971 -123.104 135.454
972 -123.145 135.008
973 -123.029 134.563
974 -122.769 134.105
975 -122.38 133.645
976 -121.875 133.208
977 -121.262 132.833
978 -120.555 132.552
979 -119.781 132.379
980 -118.978 132.309
981 -118.187 132.316
982 -117.443 132.368
983 -116.771 132.437
984 -116.185 132.513
985 -115.699 132.605
986 -115.329 132.737
987 -115.101 132.942
988 -115.035 133.248
989 -115.137 133.669
990 -115.389 134.199
991 -115.749 134.814
992 -116.16 135.479
993 -116.571 136.159
994 -116.948 136.832
995 -117.278 137.493
996 -117.566 138.158
997 -117.822 138.854
998 -118.057 139.607
999 -118.279 140.419
1000 -118.49 141.272
1001 -118.698 142.115
1002 -118.91 142.883
1003 -119.132 143.51
1004 -119.375 143.95
1005 -119.646 144.193
1006 -119.951 144.263
1007 -120.295 144.216
1008 -120.67 144.119
1009 -121.062 144.027
1010 -121.444 143.971
1011 -121.779 143.946
1012 -122.026 143.92
1013 -122.15 143.851
1014 -122.121 143.704
1015 -121.934 143.468
1016 -121.6 143.166
1017 -121.159 142.85
1018 -120.664 142.593
1019 -120.176 142.465
1020 -119.747 142.52
1021 -119.411 142.772
1022 -119.179 143.201
1023 -119.042 143.756
1024 -118.982 144.373
1025 -118.985 144.996
1026 -119.045 145.586
1027 -119.175 146.125
1028 -119.396 146.618
1029 -119.737 147.08
1030 -120.221 147.525
1031 -120.853 147.96
1032 -121.62 148.377
1033 -122.487 148.752
1034 -123.401 149.053
1035 -124.303 149.249
1036 -125.134 149.319
1037 -125.84 149.261
1038 -126.377 149.088
1039 -126.72 148.827
1040 -126.869 148.506
1041 -126.855 148.149
1042 -126.728 147.774
1043 -126.552 147.387
1044 -126.381 146.995
1045 -126.248 146.604
1046 -126.16 146.233
1047 -126.092 145.902
1048 -126.007 145.632
1049 -125.865 145.439
1050 -125.642 145.324
1051 -125.332 145.28
1052 -124.95 145.294
1053 -124.527 145.356
1054 -124.097 145.465
1055 -123.693 145.627
1056 -123.34 145.847
1057 -123.055 146.127
1058 -122.836 146.457
1059 -122.668 146.812
1060 -122.519 147.163
1061 -122.354 147.475
1062 -122.139 147.723
1063 -121.864 147.894
1064 -121.549 147.994
1065 -121.245 148.043
1066 -121.032 148.08
1067 -120.988 148.15
1068 -121.168 148.29
1069 -121.584 148.52
1070 -122.195 148.826
1071 -122.925 149.166
1072 -123.687 149.478
1073 -124.408 149.7
1074 -125.045 149.789
1075 -125.584 149.734
1076 -126.035 149.56
1077 -126.417 149.322
1078 -126.75 149.086
1079 -127.047 148.903
1080 -127.308 148.791
1081 -127.523 148.729
1082 -127.667 148.662
1083 -127.709 148.522
1084 -127.619 148.253
1085 -127.378 147.828
1086 -126.996 147.258
1087 -126.51 146.593
1088 -125.988 145.909
1089 -125.514 145.29
1090 -125.161 144.804
1091 -124.971 144.487
1092 -124.94 144.328
1093 -125.022 144.278
1094 -125.147 144.269
1095 -125.249 144.234
1096 -125.288 144.126
1097 -125.257 143.934
1098 -125.185 143.681
1099 -125.124 143.421
1100 -125.13 143.217
1101 -125.245 143.123
1102 -125.485 143.16
1103 -125.838 143.31
1104 -126.268 143.528
1105 -126.727 143.754
1106 -127.171 143.943
1107 -127.565 144.072
1108 -127.893 144.148
1109 -128.158 144.201
1110 -128.378 144.273
1111 -128.585 144.402
1112 -128.804 144.61
1113 -129.053 144.898
1114 -129.321 145.244
1115 -129.577 145.611
1116 -129.765 145.954
1117 -129.828 146.232
1118 -129.716 146.413
1119 -129.406 146.482
1120 -128.903 146.442
1121 -128.243 146.308
1122 -127.483 146.106
1123 -126.687 145.867
1124 -125.913 145.616
1125 -125.203 145.373
1126 -124.573 145.148
1127 -124.016 144.941
1128 -123.511 144.745
1129 -123.034 144.549
1130 -122.564 144.342
1131 -122.092 144.121
1132 -121.625 143.893
1133 -121.187 143.677
1134 -120.806 143.503
1135 -120.512 143.406
1136 -120.32 143.417
1137 -120.22 143.549
1138 -120.175 143.789
1139 -120.128 144.094
1140 -120.016 144.403
1141 -119.791 144.649
1142 -119.43 144.785
1143 -118.948 144.794
1144 -118.387 144.701
1145 -117.814 144.571
1146 -117.291 144.49
1147 -116.857 144.548
1148 -116.518 144.805
1149 -116.238 145.279
1150 -115.951 145.934
1151 -115.583 146.699
1152 -115.068 147.488
1153 -114.364 148.234
1154 -113.467 148.901
1155 -112.411 149.496
1156 -111.261 150.06
1157 -110.097 150.649
1158 -108.99 151.305
1159 -107.976 152.035
1160 -107.035 152.798
1161 -106.096 153.516
1162 -105.067 154.09
1163 -103.859 154.436
1164 -102.426 154.497
1165 -100.791 154.267
1166 -99.0546 153.785
1167 -97.3851 153.135
1168 -95.9772 152.422
1169 -94.9956 151.737
1170 -94.5312 151.136
1171 -94.5723 150.622
1172 -95.0175 150.155
1173 -95.7208 149.672
1174 -96.5404 149.12
1175 -97.3736 148.478
1176 -98.1687 147.768
1177 -98.922 147.05
1178 -99.6637 146.404
1179 -100.441 145.904
1180 -101.298 145.593
1181 -102.253 145.462
1182 -103.284 145.454
1183 -104.325 145.482
1184 -105.284 145.453
1185 -106.064 145.299
1186 -106.594 144.99
1187 -106.845 144.539
1188 -106.834 143.992
1189 -106.624 143.416
1190 -106.3 142.879
1191 -105.949 142.433
1192 -105.63 142.102
1193 -105.367 141.88
1194 -105.144 141.739
1195 -104.926 141.651
1196 -104.676 141.595
1197 -104.37 141.57
1198 -104.007 141.595
1199 -103.608 141.698
1200 -103.213 141.907
1201 -102.871 142.241
1202 -102.637 142.701
1203 -102.561 143.276
1204 -102.685 143.94
1205 -103.035 144.662
1206 -103.621 145.411
1207 -104.426 146.155
1208 -105.422 146.864
1209 -106.56 147.51
1210 -107.789 148.064
1211 -109.054 148.498
1212 -110.315 148.792
1213 -111.543 148.936
1214 -112.723 148.932
1215 -113.846 148.799
1216 -114.9 148.567
1217 -115.862 148.27
1218 -116.699 147.941
1219 -117.38 147.593
1220 -117.891 147.222
1221 -118.239 146.803
1222 -118.454 146.3
1223 -118.575 145.683
1224 -118.644 144.935
1225 -118.689 144.069
1226 -118.724 143.124
1227 -118.75 142.164
1228 -118.758 141.258
1229 -118.739 140.465
1230 -118.687 139.818
1231 -118.601 139.318
1232 -118.476 138.936
1233 -118.301 138.625
1234 -118.061 138.337
1235 -117.748 138.038
1236 -117.363 137.719
1237 -116.928 137.393
1238 -116.479 137.09
1239 -116.056 136.852
1240 -115.69 136.713
1241 -115.401 136.696
1242 -115.197 136.806
1243 -115.085 137.037
1244 -115.075 137.374
1245 -115.181 137.805
1246 -115.416 138.323
1247 -115.783 138.923
1248 -116.268 139.6
1249 -116.844 140.341
1250 -117.469 141.124
1251 -118.102 141.913
1252 -118.71 142.675
1253 -119.269 143.372
1254 -119.758 143.979
1255 -120.163 144.481
1256 -120.463 144.882
1257 -120.638 145.189
1258 -120.667 145.417
1259 -120.533 145.572
1260 -120.234 145.653
1261 -119.775 145.648
1262 -119.175 145.54
1263 -118.461 145.31
1264 -117.662 144.952
1265 -116.811 144.476
1266 -115.941 143.914
1267 -115.08 143.31
1268 -114.257 142.713
1269 -113.501 142.165
1270 -112.835 141.686
1271 -112.282 141.279
1272 -111.864 140.932
1273 -111.6 140.63
1274 -111.506 140.366
1275 -111.593 140.141
1276 -111.869 139.965
1277 -112.332 139.847
1278 -112.972 139.789
1279 -113.763 139.787
1280 -114.668 139.823
1281 -115.641 139.879
1282 -116.635 139.94
1283 -117.614 140.001
1284 -118.557 140.07
1285 -119.458 140.169
1286 -120.322 140.327
1287 -121.148 140.577
1288 -121.924 140.941
1289 -122.619 141.423
1290 -123.188 142.005
1291 -123.582 142.647
1292 -123.764 143.297
1293 -123.719 143.912
1294 -123.456 144.466
1295 -123.003 144.959
1296 -122.405 145.416
1297 -121.707 145.872
1298 -120.954 146.353
1299 -120.181 146.858
1300 -119.42 147.352
1301 -118.689 147.766
1302 -118.002 148.023
1303 -117.367 148.054
1304 -116.795 147.824
1305 -116.304 147.335
1306 -115.925 146.632
1307 -115.7 145.783
1308 -115.674 144.866
1309 -115.876 143.941
1310 -116.312 143.041
1311 -116.949 142.169
1312 -117.723 141.302
1313 -118.56 140.407
1314 -119.387 139.457
1315 -120.154 138.446
1316 -120.837 137.391
1317 -121.436 136.339
1318 -121.973 135.356
1319 -122.473 134.509
1320 -122.951 133.849
1321 -123.403 133.398
1322 -123.808 133.137
1323 -124.128 133.019
1324 -124.326 132.987
1325 -124.372 132.994
1326 -124.257 133.019
1327 -123.991 133.073
1328 -123.603 133.189
1329 -123.133 133.413
1330 -122.626 133.772
1331 -122.118 134.271
1332 -121.63 134.88
1333 -121.168 135.545
1334 -120.721 136.204
1335 -120.27 136.795
1336 -119.799 137.273
1337 -119.307 137.609
1338 -118.811 137.792
1339 -118.349 137.817
1340 -117.967 137.691
1341 -117.712 137.42
1342 -117.618 137.012
1343 -117.699 136.476
1344 -117.946 135.819
1345 -118.334 135.052
1346 -118.827 134.185
1347 -119.385 133.235
1348 -119.976 132.226
1349 -120.574 131.189
1350 -121.17 130.159
1351 -121.767 129.173
1352 -122.381 128.263
1353 -123.031 127.461
1354 -123.737 126.791
1355 -124.503 126.27
1356 -125.319 125.907
1357 -126.15 125.697
1358 -126.949 125.621
1359 -127.66 125.646
1360 -128.233 125.728
1361 -128.641 125.823
1362 -128.875 125.898
1363 -128.957 125.933
1364 -128.923 125.933
1365 -128.818 125.922
1366 -128.686 125.933
1367 -128.553 125.995
1368 -128.428 126.122
1369 -128.297 126.302
1370 -128.139 126.507
1371 -127.927 126.696
1372 -127.646 126.832
1373 -127.298 126.9
1374 -126.904 126.909
1375 -126.505 126.893
1376 -126.154 126.898
1377 -125.903 126.971
1378 -125.789 127.141
1379 -125.824 127.406
1380 -125.985 127.735
1381 -126.223 128.074
1382 -126.472 128.356
1383 -126.671 128.522
1384 -126.773 128.534
1385 -126.758 128.379
1386 -126.634 128.073
1387 -126.433 127.655
1388 -126.197 127.174
1389 -125.969 126.674
1390 -125.78 126.183
1391 -125.643 125.705
1392 -125.552 125.224
1393 -125.492 124.713
1394 -125.445 124.153
1395 -125.403 123.546
1396 -125.371 122.926
1397 -125.376 122.355
1398 -125.46 121.916
1399 -125.672 121.689
1400 -126.055 121.734
1401 -126.631 122.072
1402 -127.39 122.68
1403 -128.288 123.497
1404 -129.26 124.443
1405 -130.234 125.435
1406 -131.144 126.398
1407 -131.949 127.274
1408 -132.631 128.023
1409 -133.195 128.618
1410 -133.658 129.043
1411 -134.041 129.294
1412 -134.364 129.374
1413 -134.641 129.29
1414 -134.884 129.049
1415 -135.097 128.657
1416 -135.286 128.114
1417 -135.456 127.423
1418 -135.621 126.591
1419 -135.799 125.643
1420 -136.016 124.622
1421 -136.3 123.587
1422 -136.68 122.606
1423 -137.172 121.746
1424 -137.782 121.06
1425 -138.495 120.583
1426 -139.276 120.326
1427 -140.078 120.282
1428 -140.841 120.427
1429 -141.512 120.728
1430 -142.048 121.145
1431 -142.426 121.636
1432 -142.645 122.161
1433 -142.722 122.691
1434 -142.685 123.203
1435 -142.566 123.684
1436 -142.393 124.123
1437 -142.183 124.504
1438 -141.947 124.801
1439 -141.689 124.979
1440 -141.411 125.005
1441 -141.124 124.86
1442 -140.845 124.547
1443 -140.6 124.1
1444 -140.42 123.575
1445 -140.332 123.038
1446 -140.358 122.546
1447 -140.51 122.137
1448 -140.784 121.81
1449 -141.162 121.539
1450 -141.619 121.278
1451 -142.121 120.979
1452 -142.638 120.613
1453 -143.147 120.179
1454 -143.641 119.706
1455 -144.121 119.249
1456 -144.598 118.873
1457 -145.076 118.638
1458 -145.543 118.577
1459 -145.971 118.683
1460 -146.314 118.91
1461 -146.525 119.186
1462 -146.563 119.435
1463 -146.408 119.6
1464 -146.062 119.655
1465 -145.548 119.618
1466 -144.905 119.538
1467 -144.178 119.485
1468 -143.412 119.531
1469 -142.646 119.726
1470 -141.903 120.085
1471 -141.191 120.585
1472 -140.509 121.174
1473 -139.845 121.783
1474 -139.192 122.349
1475 -138.547 122.826
1476 -137.919 123.197
1477 -137.333 123.469
1478 -136.818 123.668
1479 -136.399 123.827
1480 -136.092 123.969
1481 -135.886 124.098
1482 -135.749 124.196
1483 -135.628 124.227
1484 -135.468 124.153
1485 -135.221 123.94
1486 -134.86 123.575
1487 -134.383 123.066
1488 -133.814 122.442
1489 -133.197 121.75
1490 -132.586 121.047
1491 -132.042 120.387
1492 -131.614 119.815
1493 -131.334 119.357
1494 -131.211 119.016
1495 -131.232 118.772
1496 -131.364 118.596
1497 -131.569 118.45
1498 -131.811 118.3
1499 -132.067 118.128
1500 -132.329 117.928
1501 -132.605 117.715
1502 -132.905 117.512
1503 -133.236 117.352
1504 -133.587 117.258
1505 -133.927 117.245
1506 -134.21 117.307
1507 -134.383 117.423
1508 -134.4 117.557
1509 -134.237 117.679
1510 -133.896 117.765
1511 -133.407 117.818
1512 -132.822 117.863
1513 -132.206 117.947
1514 -131.625 118.121
1515 -131.136 118.417
1516 -130.771 118.837
1517 -130.54 119.337
1518 -130.424 119.841
1519 -130.391 120.259
1520 -130.402 120.512
1521 -130.429 120.553
1522 -130.457 120.374
1523 -130.488 120.006
1524 -130.538 119.507
1525 -130.627 118.948
1526 -130.769 118.392
1527 -130.966 117.887
1528 -131.205 117.451
1529 -131.457 117.08
1530 -131.691 116.75
1531 -131.88 116.433
1532 -132.006 116.112
1533 -132.071 115.789
1534 -132.097 115.495
1535 -132.117 115.283
1536 -132.17 115.223
1537 -132.287 115.375
1538 -132.477 115.767
1539 -132.719 116.381
1540 -132.962 117.153
1541 -133.136 117.993
1542 -133.164 118.81
1543 -132.981 119.541
1544 -132.543 120.165
1545 -131.837 120.697
1546 -130.875 121.185
1547 -129.697 121.678
1548 -128.356 122.218
1549 -126.907 122.823
1550 -125.401 123.483
1551 -123.879 124.169
1552 -122.375 124.842
1553 -120.91 125.466
1554 -119.507 126.021
1555 -118.2 126.496
1556 -117.028 126.891
1557 -116.038 127.213
1558 -115.259 127.469
1559 -114.702 127.66
1560 -114.346 127.78
1561 -114.141 127.807
1562 -114.014 127.714
1563 -113.883 127.471
1564 -113.673 127.054
1565 -113.324 126.454
1566 -112.8 125.68
1567 -112.093 124.764
1568 -111.221 123.753
1569 -110.226 122.71
1570 -109.164 121.7
1571 -108.09 120.786
1572 -107.047 120.016
1573 -106.063 119.424
1574 -105.146 119.028
1575 -104.288 118.831
1576 -103.48 118.821
1577 -102.715 118.982
1578 -101.998 119.291
1579 -101.346 119.719
1580 -100.777 120.239
1581 -100.307 120.828
1582 -99.9383 121.46
1583 -99.6597 122.114
1584 -99.4403 122.762
1585 -99.236 123.373
1586 -98.9973 123.91
1587 -98.6803 124.332
1588 -98.2588 124.606
1589 -97.7335 124.71
1590 -97.1334 124.645
1591 -96.5146 124.437
1592 -95.9491 124.136
1593 -95.5133 123.81
1594 -95.2717 123.527
1595 -95.2589 123.339
1596 -95.4745 123.276
1597 -95.8851 123.334
1598 -96.434 123.488
1599 -97.0567 123.697
1600 -97.6967 123.928
1601 -98.3136 124.159
1602 -98.8853 124.391
1603 -99.4042 124.643
1604 -99.8694 124.948
1605 -100.277 125.332
1606 -100.613 125.809
1607 -100.853 126.372
1608 -100.968 126.99
1609 -100.928 127.623
1610 -100.72 128.229
1611 -100.345 128.783
1612 -99.832 129.28
1613 -99.2289 129.741
1614 -98.6012 130.207
1615 -98.0194 130.725
1616 -97.546 131.336
1617 -97.2227 132.055
1618 -97.0623 132.866
1619 -97.0474 133.723
1620 -97.137 134.558
1621 -97.2782 135.303
1622 -97.4199 135.903
1623 -97.5235 136.33
1624 -97.5715 136.58
1625 -97.567 136.677
1626 -97.5307 136.653
1627 -97.4932 136.543
1628 -97.4837 136.371
1629 -97.5215 136.142
1630 -97.6114 135.849
1631 -97.7479 135.473
1632 -97.9235 135.001
1633 -98.1389 134.432
1634 -98.4098 133.787
1635 -98.7679 133.102
1636 -99.2541 132.431
1637 -99.9081 131.824
1638 -100.755 131.323
1639 -101.797 130.947
1640 -103.01 130.689
1641 -104.348 130.524
1642 -105.748 130.417
1643 -107.144 130.333
1644 -108.473 130.249
1645 -109.683 130.155
1646 -110.736 130.054
1647 -111.614 129.957
1648 -112.32 129.875
1649 -112.867 129.822
1650 -113.282 129.805
1651 -113.592 129.828
1652 -113.821 129.892
1653 -113.989 129.998
1654 -114.11 130.144
1655 -114.198 130.328
1656 -114.271 130.543
1657 -114.354 130.78
1658 -114.478 131.026
1659 -114.681 131.265
1660 -114.998 131.484
1661 -115.459 131.67
1662 -116.074 131.816
1663 -116.834 131.92
1664 -117.704 131.979
1665 -118.633 131.99
1666 -119.559 131.948
1667 -120.42 131.847
1668 -121.168 131.679
1669 -121.776 131.435
1670 -122.239 131.113
1671 -122.57 130.717
1672 -122.795 130.262
1673 -122.947 129.771
1674 -123.053 129.275
1675 -123.138 128.8
1676 -123.211 128.368
1677 -123.276 127.985
1678 -123.328 127.642
1679 -123.36 127.315
1680 -123.366 126.976
1681 -123.349 126.608
1682 -123.317 126.207
1683 -123.285 125.792
1684 -123.265 125.398
1685 -123.263 125.064
1686 -123.272 124.824
1687 -123.275 124.693
1688 -123.246 124.669
1689 -123.165 124.733
1690 -123.023 124.863
1691 -122.828 125.039
1692 -122.606 125.26
1693 -122.401 125.54
1694 -122.262 125.907
1695 -122.243 126.391
1696 -122.383 127.009
1697 -122.703 127.755
1698 -123.196 128.598
1699 -123.831 129.482
1700 -124.56 130.339
1701 -125.329 131.106
1702 -126.089 131.735
1703 -126.799 132.2
1704 -127.433 132.496
1705 -127.973 132.637
1706 -128.407 132.652
1707 -128.728 132.569
1708 -128.933 132.413
1709 -129.025 132.203
1710 -129.01 131.946
1711 -128.904 131.646
1712 -128.724 131.308
1713 -128.494 130.945
1714 -128.24 130.58
1715 -127.987 130.243
1716 -127.763 129.966
1717 -127.596 129.771
1718 -127.509 129.665
1719 -127.516 129.635
1720 -127.625 129.656
1721 -127.83 129.697
1722 -128.116 129.731
1723 -128.46 129.739
1724 -128.835 129.711
1725 -129.212 129.646
1726 -129.568 129.545
1727 -129.879 129.408
1728 -130.129 129.233
1729 -130.304 129.016
1730 -130.402 128.758
1731 -130.427 128.466
1732 -130.392 128.156
1733 -130.32 127.855
1734 -130.238 127.6
1735 -130.175 127.422
1736 -130.157 127.347
1737 -130.202 127.389
1738 -130.322 127.543
1739 -130.518 127.798
1740 -130.785 128.132
1741 -131.111 128.526
1742 -131.483 128.966
1743 -131.883 129.446
1744 -132.297 129.966
1745 -132.703 130.529
1746 -133.083 131.137
1747 -133.414 131.785
1748 -133.674 132.462
1749 -133.845 133.151
1750 -133.913 133.834
1751 -133.874 134.498
1752 -133.735 135.141
1753 -133.508 135.771
1754 -133.216 136.407
1755 -132.882 137.069
1756 -132.528 137.765
1757 -132.172 138.484
1758 -131.826 139.2
1759 -131.493 139.874
1760 -131.173 140.466
1761 -130.862 140.944
1762 -130.556 141.293
1763 -130.249 141.518
1764 -129.938 141.64
1765 -129.621 141.687
1766 -129.3 141.691
1767 -128.983 141.678
1768 -128.686 141.661
1769 -128.432 141.635
1770 -128.244 141.585
1771 -128.144 141.485
1772 -128.147 141.311
1773 -128.263 141.045
1774 -128.494 140.679
1775 -128.837 140.221
1776 -129.286 139.686
1777 -129.831 139.094
1778 -130.457 138.465
1779 -131.143 137.808
1780 -131.867 137.126
1781 -132.602 136.415
1782 -133.319 135.673
1783 -133.992 134.897
1784 -134.596 134.091
1785 -135.105 133.269
1786 -135.493 132.45
1787 -135.736 131.658
1788 -135.819 130.918
1789 -135.74 130.248
1790 -135.51 129.666
1791 -135.155 129.185
1792 -134.71 128.816
1793 -134.211 128.575
1794 -133.695 128.475
1795 -133.191 128.531
1796 -132.719 128.752
1797 -132.293 129.134
1798 -131.914 129.657
1799 -131.581 130.29
1800 -131.287 130.989
1801 -131.026 131.711
1802 -130.794 132.42
1803 -130.589 133.09
1804 -130.413 133.703
1805 -130.264 134.258
1806 -130.137 134.755
1807 -130.024 135.198
1808 -129.918 135.585
1809 -129.809 135.905
1810 -129.695 136.138
1811 -129.578 136.26
1812 -129.466 136.243
1813 -129.366 136.066
1814 -129.289 135.72
1815 -129.237 135.209
1816 -129.213 134.553
1817 -129.216 133.78
1818 -129.242 132.923
1819 -129.286 132.004
1820 -129.339 131.042
1821 -129.392 130.044
1822 -129.43 129.011
1823 -129.436 127.947
1824 -129.397 126.866
1825 -129.3 125.785
1826 -129.137 124.738
1827 -128.905 123.76
1828 -128.607 122.896
1829 -128.254 122.189
1830 -127.857 121.671
1831 -127.436 121.363
1832 -127.009 121.272
1833 -126.594 121.389
1834 -126.203 121.693
1835 -125.844 122.156
1836 -125.52 122.742
1837 -125.234 123.416
1838 -124.984 124.145
1839 -124.77 124.901
1840 -124.595 125.66
1841 -124.459 126.402
1842 -124.362 127.111
1843 -124.298 127.773
1844 -124.256 128.383
1845 -124.221 128.934
1846 -124.176 129.424
1847 -124.11 129.858
1848 -124.014 130.241
1849 -123.887 130.581
1850 -123.736 130.884
1851 -123.573 131.156
1852 -123.411 131.401
1853 -123.262 131.621
1854 -123.133 131.82
1855 -123.027 132.001
1856 -122.94 132.165
1857 -122.863 132.312
1858 -122.78 132.44
1859 -122.677 132.543
1860 -122.537 132.617
1861 -122.347 132.66
1862 -122.097 132.674
1863 -121.777 132.665
1864 -121.38 132.645
1865 -120.899 132.626
1866 -120.327 132.619
1867 -119.668 132.632
1868 -118.93 132.669
1869 -118.136 132.726
1870 -117.314 132.799
1871 -116.498 132.879
1872 -115.718 132.96
1873 -114.996 133.036
1874 -114.341 133.106
1875 -113.754 133.17
1876 -113.225 133.227
1877 -112.737 133.271
1878 -112.269 133.291
1879 -111.8 133.272
1880 -111.313 133.197
1881 -110.799 133.055
1882 -110.261 132.842
1883 -109.714 132.566
1884 -109.182 132.25
1885 -108.691 131.92
1886 -108.261 131.605
1887 -107.9 131.325
1888 -107.596 131.091
1889 -107.33 130.894
1890 -107.07 130.717
1891 -106.79 130.533
1892 -106.471 130.319
1893 -106.109 130.063
1894 -105.709 129.771
1895 -105.285 129.465
1896 -104.851 129.178
1897 -104.419 128.947
1898 -103.986 128.796
1899 -103.535 128.725
1900 -103.039 128.716
1901 -102.467 128.737
1902 -101.794 128.752
1903 -101.01 128.736
1904 -100.127 128.683
1905 -99.1855 128.611
1906 -98.2509 128.553
1907 -97.4036 128.554
1908 -96.7266 128.657
1909 -96.2881 128.891
1910 -96.125 129.262
1911 -96.2391 129.755
1912 -96.6012 130.333
1913 -97.1616 130.951
1914 -97.8645 131.564
1915 -98.6604 132.138
1916 -99.511 132.654
1917 -100.39 133.111
1918 -101.281 133.516
1919 -102.165 133.881
1920 -103.025 134.212
1921 -103.835 134.507
1922 -104.56 134.753
1923 -105.162 134.934
1924 -105.603 135.034
1925 -105.848 135.044
1926 -105.877 134.968
1927 -105.682 134.822
1928 -105.277 134.636
1929 -104.694 134.443
1930 -103.976 134.275
1931 -103.176 134.158
1932 -102.345 134.108
1933 -101.529 134.124
1934 -100.763 134.198
1935 -100.071 134.315
1936 -99.4667 134.459
1937 -98.9594 134.618
1938 -98.5559 134.786
1939 -98.2634 134.964
1940 -98.0895 135.155
1941 -98.0409 135.365
1942 -98.1203 135.599
1943 -98.3254 135.857
1944 -98.6471 136.142
1945 -99.0716 136.449
1946 -99.583 136.775
1947 -100.166 137.112
1948 -100.809 137.452
1949 -101.505 137.786
1950 -102.247 138.102
1951 -103.032 138.39
1952 -103.85 138.64
1953 -104.686 138.846
1954 -105.521 139.006
1955 -106.327 139.12
1956 -107.073 139.189
1957 -107.726 139.212
1958 -108.255 139.185
1959 -108.639 139.1
1960 -108.863 138.948
1961 -108.925 138.724
1962 -108.831 138.43
1963 -108.594 138.077
1964 -108.227 137.687
1965 -107.742 137.29
1966 -107.145 136.913
1967 -106.443 136.58
1968 -105.637 136.302
1969 -104.733 136.072
1970 -103.738 135.874
1971 -102.666 135.685
1972 -101.536 135.477
1973 -100.369 135.23
1974 -99.1947 134.932
1975 -98.0406 134.581
1976 -96.9327 134.185
1977 -95.8892 133.754
1978 -94.917 133.299
1979 -94.0092 132.825
1980 -93.1453 132.33
1981 -92.2975 131.808
1982 -91.4375 131.251
1983 -90.5489 130.664
1984 -89.6342 130.062
1985 -88.7157 129.478
1986 -87.8326 128.957
1987 -87.0318 128.547
1988 -86.3583 128.295
1989 -85.8445 128.233
1990 -85.5017 128.373
1991 -85.3213 128.711
1992 -85.2801 129.226
1993 -85.3482 129.893
1994 -85.4967 130.688
1995 -85.7015 131.595
1996 -85.9436 132.6
1997 -86.2068 133.692
1998 -86.4739 134.853
1999 -86.7232 136.06
2000 -86.9274 137.277
2001 -87.0551 138.468
