1 -90.0591 126.543
2 -90.3928 125.878
3 -90.6758 125.23
4 -90.8589 124.604
5 -90.9076 124.008
6 -90.8095 123.451
7 -90.5761 122.947
8 -90.243 122.516
9 -89.8607 122.189
10 -89.4816 121.992
11 -89.1488 121.95
12 -88.8864 122.077
13 -88.6966 122.367
14 -88.5612 122.794
15 -88.4459 123.317
16 -88.3132 123.889
17 -88.1347 124.468
18 -87.9016 125.025
19 -87.629 125.549
20 -87.3529 126.046
21 -87.1215 126.535
22 -86.982 127.035
23 -86.9678 127.55
24 -87.0876 128.068
25 -87.323 128.561
26 -87.634 128.989
27 -87.9727 129.312
28 -88.2964 129.499
29 -88.5802 129.536
30 -88.8248 129.436
31 -89.0541 129.234
32 -89.3061 128.984
33 -89.6169 128.75
34 -90.0045 128.579
35 -90.4578 128.494
36 -90.9357 128.48
37 -91.3776 128.493
38 -91.7196 128.475
39 -91.9117 128.375
40 -91.9334 128.165
41 -91.7962 127.852
42 -91.5405 127.476
43 -91.2258 127.103
44 -90.9146 126.8
45 -90.6561 126.622
46 -90.4744 126.592
47 -90.3631 126.698
48 -90.2909 126.903
49 -90.2138 127.154
50 -90.0896 127.408
51 -89.8934 127.643
52 -89.6281 127.865
53 -89.3297 128.107
54 -89.0585 128.413
55 -88.8805 128.822
56 -88.8447 129.355
57 -88.9659 130.003
58 -89.2184 130.726
59 -89.5454 131.463
60 -89.8802 132.152
61 -90.1665 132.746
62 -90.3754 133.221
63 -90.5102 133.58
64 -90.6024 133.84
65 -90.704 134.035
66 -90.8693 134.2
67 -91.1373 134.355
68 -91.5181 134.501
69 -91.9887 134.613
70 -92.4991 134.652
71 -92.9843 134.573
72 -93.3804 134.339
73 -93.6358 133.934
74 -93.7204 133.362
75 -93.6333 132.652
76 -93.3993 131.844
77 -93.0618 130.981
78 -92.6733 130.11
79 -92.281 129.269
80 -91.9118 128.484
81 -91.5671 127.771
82 -91.2242 127.138
83 -90.8481 126.592
84 -90.4054 126.139
85 -89.878 125.786
86 -89.2728 125.539
87 -88.6234 125.406
88 -87.984 125.398
89 -87.4171 125.531
90 -86.9755 125.818
91 -86.6882 126.26
92 -86.5513 126.842
93 -86.5293 127.522
94 -86.5646 128.235
95 -86.5919 128.907
96 -86.5554 129.468
97 -86.4209 129.864
98 -86.1827 130.069
99 -85.8626 130.078
100 -85.5038 129.913
101 -85.1577 129.607
102 -84.8701 129.191
103 -84.6681 128.692
104 -84.5515 128.122
105 -84.4912 127.48
106 -84.439 126.753
107 -84.3437 125.925
108 -84.1691 124.992
109 -83.9077 123.97
110 -83.5869 122.902
111 -83.2646 121.861
112 -83.0117 120.934
113 -82.8934 120.211
114 -82.9464 119.759
115 -83.1624 119.593
116 -83.4918 119.679
117 -83.86 119.944
118 -84.1925 120.305
119 -84.4385 120.693
120 -84.5854 121.074
121 -84.662 121.454
122 -84.7298 121.867
123 -84.8647 122.363
124 -85.1342 122.979
125 -85.5763 123.729
126 -86.1872 124.591
127 -86.9249 125.511
128 -87.721 126.419
129 -88.5037 127.242
130 -89.2181 127.926
131 -89.8384 128.445
132 -90.3723 128.802
133 -90.8503 129.023
134 -91.313 129.143
135 -91.7984 129.192
136 -92.3255 129.184
137 -92.8885 129.111
138 -93.4559 128.943
139 -93.981 128.639
140 -94.4162 128.162
141 -94.7252 127.493
142 -94.8924 126.64
143 -94.9285 125.639
144 -94.8686 124.553
145 -94.7672 123.457
146 -94.6835 122.422
147 -94.664 121.497
148 -94.7293 120.707
149 -94.8668 120.051
150 -95.0359 119.508
151 -95.1813 119.059
152 -95.2518 118.692
153 -95.2172 118.418
154 -95.0781 118.263
155 -94.8687 118.26
156 -94.6488 118.437
157 -94.4882 118.812
158 -94.449 119.384
159 -94.5702 120.133
160 -94.8598 121.026
161 -95.2955 122.02
162 -95.8358 123.073
163 -96.4291 124.137
164 -97.027 125.166
165 -97.5972 126.124
166 -98.1265 126.986
167 -98.6189 127.734
168 -99.0893 128.364
169 -99.5541 128.876
170 -100.021 129.272
171 -100.483 129.55
172 -100.913 129.704
173 -101.271 129.718
174 -101.513 129.575
175 -101.601 129.262
176 -101.512 128.776
177 -101.246 128.129
178 -100.827 127.35
179 -100.291 126.485
180 -99.6855 125.59
181 -99.053 124.725
182 -98.4206 123.941
183 -97.7944 123.281
184 -97.1597 122.764
185 -96.4838 122.387
186 -95.7299 122.127
187 -94.8694 121.954
188 -93.8949 121.842
189 -92.8285 121.782
190 -91.7224 121.795
191 -90.6517 121.927
192 -89.6942 122.239
193 -88.9171 122.776
194 -88.356 123.552
195 -87.9923 124.529
196 -87.7649 125.629
197 -87.5919 126.753
198 -87.3991 127.809
199 -87.1439 128.734
200 -86.8276 129.513
201 -86.4944 130.174
202 -86.2177 130.768
203 -86.0777 131.352
204 -86.1349 131.961
205 -86.4092 132.597
206 -86.872 133.229
207 -87.4558 133.801
208 -88.0719 134.248
209 -88.6335 134.513
210 -89.0777 134.564
211 -89.3745 134.397
212 -89.5275 134.035
213 -89.5662 133.523
214 -89.5323 132.916
215 -89.4655 132.266
216 -89.3898 131.611
217 -89.307 130.968
218 -89.1988 130.335
219 -89.0361 129.704
220 -88.791 129.068
221 -88.4508 128.433
222 -88.0262 127.824
223 -87.56 127.292
224 -87.1239 126.9
225 -86.8036 126.709
226 -86.6809 126.764
227 -86.8127 127.084
228 -87.214 127.652
229 -87.855 128.418
230 -88.6707 129.32
231 -89.5798 130.289
232 -90.5075 131.275
233 -91.3966 132.242
234 -92.2168 133.172
235 -92.9688 134.063
236 -93.6732 134.917
237 -94.3595 135.739
238 -95.0528 136.527
239 -95.764 137.273
240 -96.4865 137.961
241 -97.1976 138.574
242 -97.8638 139.09
243 -98.4498 139.492
244 -98.9281 139.766
245 -99.2845 139.905
246 -99.5222 139.909
247 -99.6604 139.789
248 -99.7276 139.564
249 -99.7518 139.261
250 -99.7514 138.907
251 -99.7277 138.527
252 -99.6623 138.137
253 -99.5205 137.742
254 -99.2596 137.338
255 -98.8413 136.91
256 -98.2437 136.444
257 -97.4711 135.936
258 -96.5619 135.401
259 -95.588 134.883
260 -94.6422 134.447
261 -93.821 134.166
262 -93.2023 134.101
263 -92.8258 134.284
264 -92.6869 134.707
265 -92.7458 135.33
266 -92.9473 136.09
267 -93.2426 136.926
268 -93.6065 137.793
269 -94.042 138.668
270 -94.5755 139.552
271 -95.2434 140.454
272 -96.0732 141.383
273 -97.0675 142.335
274 -98.1954 143.281
275 -99.3959 144.177
276 -100.591 144.965
277 -101.704 145.589
278 -102.675 146.001
279 -103.472 146.177
280 -104.093 146.121
281 -104.563 145.87
282 -104.926 145.478
283 -105.232 145.015
284 -105.521 144.54
285 -105.812 144.087
286 -106.098 143.657
287 -106.348 143.226
288 -106.52 142.754
289 -106.576 142.209
290 -106.486 141.578
291 -106.242 140.881
292 -105.856 140.163
293 -105.352 139.484
294 -104.764 138.904
295 -104.119 138.456
296 -103.428 138.144
297 -102.685 137.938
298 -101.865 137.795
299 -100.942 137.672
300 -99.8966 137.545
301 -98.7275 137.417
302 -97.4627 137.318
303 -96.1639 137.296
304 -94.9173 137.399
305 -93.8082 137.664
306 -92.9032 138.099
307 -92.2338 138.689
308 -91.7948 139.396
309 -91.5499 140.172
310 -91.4409 140.965
311 -91.403 141.735
312 -91.3778 142.454
313 -91.3239 143.105
314 -91.222 143.685
315 -91.0744 144.199
316 -90.8968 144.65
317 -90.706 145.035
318 -90.5101 145.342
319 -90.3006 145.551
320 -90.0534 145.647
321 -89.7363 145.623
322 -89.3186 145.486
323 -88.7813 145.259
324 -88.1223 144.969
325 -87.3559 144.646
326 -86.5093 144.315
327 -85.6186 143.996
328 -84.7184 143.704
329 -83.8367 143.454
330 -82.9965 143.27
331 -82.2115 143.179
332 -81.4843 143.205
333 -80.8055 143.366
334 -80.1548 143.657
335 -79.5057 144.052
336 -78.8335 144.508
337 -78.1236 144.978
338 -77.3824 145.422
339 -76.6408 145.816
340 -75.9471 146.156
341 -75.3561 146.451
342 -74.9114 146.711
343 -74.6334 146.934
344 -74.5131 147.107
345 -74.516 147.205
346 -74.5982 147.201
347 -74.7243 147.074
348 -74.8797 146.82
349 -75.0725 146.455
350 -75.3261 146.018
351 -75.6643 145.56
352 -76.0971 145.133
353 -76.609 144.783
354 -77.1586 144.536
355 -77.6878 144.39
356 -78.133 144.322
357 -78.4386 144.291
358 -78.5653 144.262
359 -78.4965 144.214
360 -78.2414 144.151
361 -77.8347 144.102
362 -77.3302 144.11
363 -76.7886 144.217
364 -76.2596 144.441
365 -75.7686 144.77
366 -75.3112 145.163
367 -74.8605 145.563
368 -74.3882 145.913
369 -73.8859 146.171
370 -73.3793 146.327
371 -72.933 146.398
372 -72.6388 146.423
373 -72.5932 146.448
374 -72.8677 146.51
375 -73.4824 146.623
376 -74.4022 146.777
377 -75.5519 146.935
378 -76.8389 147.054
379 -78.1781 147.092
380 -79.5101 147.028
381 -80.8042 146.868
382 -82.0529 146.643
383 -83.2592 146.397
384 -84.4249 146.17
385 -85.5446 145.99
386 -86.6013 145.859
387 -87.5691 145.761
388 -88.413 145.671
389 -89.0926 145.567
390 -89.5692 145.439
391 -89.808 145.293
392 -89.784 145.146
393 -89.4887 145.02
394 -88.9363 144.929
395 -88.1653 144.879
396 -87.2327 144.865
397 -86.2028 144.876
398 -85.1336 144.895
399 -84.0673 144.906
400 -83.029 144.895
401 -82.0311 144.851
402 -81.0811 144.767
403 -80.1933 144.642
404 -79.3919 144.474
405 -78.7079 144.264
406 -78.1754 144.013
407 -77.8245 143.72
408 -77.6787 143.391
409 -77.7517 143.042
410 -78.0468 142.697
411 -78.5537 142.395
412 -79.2477 142.171
413 -80.0847 142.056
414 -81.0038 142.061
415 -81.94 142.176
416 -82.8332 142.372
417 -83.6415 142.617
418 -84.3452 142.885
419 -84.9471 143.169
420 -85.4667 143.48
421 -85.9271 143.834
422 -86.3415 144.243
423 -86.7061 144.699
424 -87.001 145.168
425 -87.1994 145.593
426 -87.2799 145.911
427 -87.237 146.059
428 -87.0851 145.999
429 -86.8564 145.714
430 -86.5915 145.222
431 -86.3286 144.564
432 -86.092 143.8
433 -85.8858 142.991
434 -85.6924 142.19
435 -85.4771 141.425
436 -85.1972 140.7
437 -84.8118 139.999
438 -84.2933 139.307
439 -83.6365 138.627
440 -82.8617 137.986
441 -82.0157 137.441
442 -81.1637 137.062
443 -80.3715 136.915
444 -79.685 137.034
445 -79.1183 137.412
446 -78.6499 138
447 -78.2326 138.727
448 -77.8127 139.516
449 -77.3503 140.307
450 -76.8318 141.063
451 -76.2749 141.768
452 -75.724 142.417
453 -75.2359 143.006
454 -74.8614 143.522
455 -74.6305 143.942
456 -74.5429 144.229
457 -74.5667 144.343
458 -74.6479 144.244
459 -74.7223 143.899
460 -74.7301 143.297
461 -74.6273 142.451
462 -74.3939 141.403
463 -74.0364 140.216
464 -73.5826 138.963
465 -73.0703 137.707
466 -72.5314 136.496
467 -71.9809 135.354
468 -71.4123 134.285
469 -70.8036 133.286
470 -70.1329 132.368
471 -69.3894 131.554
472 -68.5832 130.883
473 -67.7449 130.397
474 -66.92 130.13
475 -66.1595 130.101
476 -65.5103 130.31
477 -65.0085 130.746
478 -64.6787 131.392
479 -64.5339 132.228
480 -64.5752 133.236
481 -64.7903 134.395
482 -65.1537 135.677
483 -65.6286 137.044
484 -66.1744 138.447
485 -66.7576 139.829
486 -67.3589 141.132
487 -67.9771 142.298
488 -68.6273 143.278
489 -69.3338 144.03
490 -70.1192 144.522
491 -70.9936 144.73
492 -71.9493 144.647
493 -72.957 144.277
494 -73.9722 143.639
495 -74.9465 142.762
496 -75.8396 141.676
497 -76.6298 140.414
498 -77.3147 139.023
499 -77.9099 137.566
500 -78.4438 136.126
501 -78.9454 134.797
502 -79.4326 133.67
503 -79.9052 132.81
504 -80.3451 132.241
505 -80.7231 131.944
506 -81.0104 131.868
507 -81.1888 131.953
508 -81.2603 132.151
509 -81.2525 132.44
510 -81.2171 132.826
511 -81.2205 133.329
512 -81.3284 133.964
513 -81.5848 134.726
514 -81.9981 135.577
515 -82.5388 136.46
516 -83.1501 137.302
517 -83.7696 138.037
518 -84.3484 138.615
519 -84.8657 139.008
520 -85.3344 139.212
521 -85.7928 139.248
522 -86.2901 139.152
523 -86.8666 138.962
524 -87.541 138.708
525 -88.3069 138.403
526 -89.1388 138.04
527 -90.0046 137.594
528 -90.8741 137.04
529 -91.7252 136.366
530 -92.5486 135.582
531 -93.3441 134.73
532 -94.1168 133.872
533 -94.8716 133.081
534 -95.6086 132.417
535 -96.3206 131.906
536 -96.9895 131.543
537 -97.5852 131.29
538 -98.0674 131.096
539 -98.3913 130.916
540 -98.5174 130.723
541 -98.4214 130.513
542 -98.1024 130.302
543 -97.5868 130.115
544 -96.9233 129.971
545 -96.175 129.881
546 -95.4048 129.844
547 -94.6646 129.848
548 -93.9896 129.879
549 -93.3998 129.928
550 -92.906 129.996
551 -92.5158 130.096
552 -92.2376 130.245
553 -92.0809 130.458
554 -92.0544 130.743
555 -92.1613 131.095
556 -92.3987 131.499
557 -92.7584 131.932
558 -93.2295 132.371
559 -93.7991 132.797
560 -94.4501 133.194
561 -95.1579 133.549
562 -95.8903 133.845
563 -96.6055 134.057
564 -97.2584 134.154
565 -97.8139 134.101
566 -98.2541 133.87
567 -98.5824 133.445
568 -98.8219 132.834
569 -99.0069 132.068
570 -99.1705 131.2
571 -99.3333 130.292
572 -99.4954 129.403
573 -99.6378 128.573
574 -99.7293 127.817
575 -99.7368 127.127
576 -99.6349 126.485
577 -99.4109 125.875
578 -99.0697 125.302
579 -98.6339 124.799
580 -98.1417 124.418
581 -97.6437 124.221
582 -97.1937 124.257
583 -96.8356 124.54
584 -96.5904 125.042
585 -96.4496 125.698
586 -96.3823 126.419
587 -96.3528 127.124
588 -96.3418 127.751
589 -96.361 128.276
590 -96.4576 128.707
591 -96.7025 129.078
592 -97.1681 129.428
593 -97.8994 129.785
594 -98.8944 130.157
595 -100.102 130.523
596 -101.437 130.842
597 -102.804 131.066
598 -104.12 131.154
599 -105.318 131.084
600 -106.362 130.862
601 -107.234 130.514
602 -107.935 130.086
603 -108.474 129.618
604 -108.876 129.143
605 -109.163 128.666
606 -109.356 128.175
607 -109.463 127.642
608 -109.48 127.037
609 -109.39 126.346
610 -109.174 125.578
611 -108.822 124.769
612 -108.336 123.972
613 -107.741 123.247
614 -107.076 122.645
615 -106.39 122.199
616 -105.728 121.921
617 -105.12 121.81
618 -104.579 121.85
619 -104.099 122.026
620 -103.671 122.323
621 -103.288 122.727
622 -102.954 123.227
623 -102.683 123.81
624 -102.498 124.458
625 -102.429 125.155
626 -102.503 125.878
627 -102.75 126.603
628 -103.195 127.3
629 -103.856 127.94
630 -104.735 128.489
631 -105.816 128.917
632 -107.061 129.202
633 -108.416 129.329
634 -109.815 129.293
635 -111.194 129.096
636 -112.499 128.747
637 -113.697 128.259
638 -114.763 127.655
639 -115.68 126.969
640 -116.436 126.246
641 -117.015 125.533
642 -117.395 124.87
643 -117.55 124.281
644 -117.465 123.77
645 -117.137 123.323
646 -116.582 122.921
647 -115.836 122.551
648 -114.951 122.219
649 -113.988 121.95
650 -113.013 121.784
651 -112.083 121.764
652 -111.244 121.916
653 -110.525 122.241
654 -109.934 122.708
655 -109.459 123.257
656 -109.074 123.822
657 -108.75 124.339
658 -108.466 124.767
659 -108.22 125.095
660 -108.028 125.336
661 -107.917 125.524
662 -107.911 125.691
663 -108.018 125.861
664 -108.22 126.031
665 -108.479 126.177
666 -108.744 126.26
667 -108.973 126.242
668 -109.138 126.101
669 -109.238 125.838
670 -109.293 125.486
671 -109.335 125.097
672 -109.397 124.731
673 -109.499 124.435
674 -109.637 124.229
675 -109.782 124.101
676 -109.883 124.007
677 -109.878 123.887
678 -109.71 123.682
679 -109.333 123.35
680 -108.725 122.875
681 -107.891 122.276
682 -106.862 121.599
683 -105.689 120.905
684 -104.436 120.251
685 -103.163 119.676
686 -101.908 119.19
687 -100.686 118.779
688 -99.4975 118.414
689 -98.3363 118.072
690 -97.2075 117.752
691 -96.1398 117.477
692 -95.1893 117.297
693 -94.4329 117.271
694 -93.9492 117.451
695 -93.7931 117.86
696 -93.9744 118.484
697 -94.452 119.272
698 -95.1448 120.147
699 -95.9542 121.024
700 -96.7886 121.827
701 -97.5805 122.501
702 -98.2951 123.017
703 -98.9251 123.364
704 -99.483 123.55
705 -99.9901 123.588
706 -100.468 123.487
707 -100.93 123.254
708 -101.38 122.881
709 -101.809 122.355
710 -102.2 121.661
711 -102.535 120.792
712 -102.791 119.752
713 -102.95 118.565
714 -102.998 117.275
715 -102.932 115.935
716 -102.755 114.603
717 -102.477 113.335
718 -102.109 112.179
719 -101.662 111.164
720 -101.138 110.309
721 -100.539 109.614
722 -99.8646 109.072
723 -99.1189 108.669
724 -98.3181 108.392
725 -97.4922 108.236
726 -96.6864 108.211
727 -95.9562 108.336
728 -95.3633 108.638
729 -94.9662 109.138
730 -94.8078 109.839
731 -94.9079 110.722
732 -95.2596 111.744
733 -95.8311 112.846
734 -96.5728 113.962
735 -97.4296 115.034
736 -98.351 116.018
737 -99.302 116.887
738 -100.26 117.629
739 -101.212 118.238
740 -102.156 118.72
741 -103.084 119.08
742 -103.983 119.322
743 -104.824 119.441
744 -105.567 119.42
745 -106.172 119.234
746 -106.602 118.859
747 -106.835 118.276
748 -106.87 117.484
749 -106.725 116.504
750 -106.435 115.389
751 -106.052 114.218
752 -105.629 113.082
753 -105.214 112.065
754 -104.836 111.225
755 -104.5 110.582
756 -104.193 110.125
757 -103.889 109.818
758 -103.563 109.62
759 -103.201 109.501
760 -102.816 109.451
761 -102.439 109.477
762 -102.119 109.593
763 -101.903 109.81
764 -101.823 110.126
765 -101.885 110.517
766 -102.071 110.945
767 -102.348 111.365
768 -102.681 111.732
769 -103.049 112.009
770 -103.451 112.18
771 -103.902 112.251
772 -104.431 112.247
773 -105.06 112.212
774 -105.799 112.19
775 -106.636 112.217
776 -107.537 112.308
777 -108.453 112.451
778 -109.325 112.61
779 -110.09 112.738
780 -110.698 112.789
781 -111.106 112.732
782 -111.291 112.557
783 -111.247 112.272
784 -110.989 111.9
785 -110.549 111.466
786 -109.971 110.993
787 -109.301 110.496
788 -108.581 109.981
789 -107.845 109.453
790 -107.12 108.914
791 -106.425 108.371
792 -105.781 107.833
793 -105.212 107.314
794 -104.742 106.826
795 -104.392 106.381
796 -104.176 105.989
797 -104.095 105.655
798 -104.138 105.389
799 -104.283 105.194
800 -104.502 105.075
801 -104.767 105.029
802 -105.052 105.047
803 -105.334 105.115
804 -105.601 105.212
805 -105.844 105.322
806 -106.064 105.431
807 -106.27 105.537
808 -106.473 105.644
809 -106.691 105.757
810 -106.935 105.879
811 -107.213 106.003
812 -107.514 106.116
813 -107.816 106.202
814 -108.085 106.249
815 -108.285 106.251
816 -108.389 106.208
817 -108.381 106.124
818 -108.264 106.003
819 -108.05 105.849
820 -107.756 105.665
821 -107.397 105.455
822 -106.982 105.221
823 -106.517 104.962
824 -106.002 104.672
825 -105.444 104.338
826 -104.851 103.948
827 -104.239 103.496
828 -103.633 102.992
829 -103.058 102.462
830 -102.547 101.951
831 -102.128 101.504
832 -101.826 101.158
833 -101.653 100.929
834 -101.61 100.808
835 -101.69 100.769
836 -101.88 100.782
837 -102.169 100.826
838 -102.557 100.894
839 -103.052 100.996
840 -103.672 101.157
841 -104.435 101.404
842 -105.349 101.761
843 -106.408 102.237
844 -107.578 102.823
845 -108.813 103.484
846 -110.061 104.168
847 -111.275 104.8
848 -112.423 105.303
849 -113.494 105.606
850 -114.492 105.664
851 -115.427 105.469
852 -116.313 105.052
853 -117.154 104.468
854 -117.939 103.78
855 -118.64 103.031
856 -119.216 102.242
857 -119.622 101.405
858 -119.82 100.5
859 -119.789 99.509
860 -119.53 98.4349
861 -119.066 97.3078
862 -118.436 96.1868
863 -117.693 95.1502
864 -116.896 94.2791
865 -116.099 93.6405
866 -115.349 93.2737
867 -114.678 93.1869
868 -114.104 93.3607
869 -113.634 93.7591
870 -113.266 94.3397
871 -112.996 95.0655
872 -112.823 95.911
873 -112.749 96.8635
874 -112.783 97.9182
875 -112.932 99.0708
876 -113.194 100.306
877 -113.561 101.588
878 -114.007 102.863
879 -114.504 104.067
880 -115.013 105.129
881 -115.5 105.989
882 -115.939 106.609
883 -116.311 106.979
884 -116.61 107.113
885 -116.844 107.039
886 -117.027 106.787
887 -117.181 106.382
888 -117.325 105.84
889 -117.473 105.177
890 -117.629 104.416
891 -117.786 103.591
892 -117.933 102.744
893 -118.057 101.916
894 -118.151 101.145
895 -118.215 100.458
896 -118.257 99.8759
897 -118.289 99.4197
898 -118.321 99.1155
899 -118.362 98.9916
900 -118.411 99.069
901 -118.464 99.3548
902 -118.512 99.8367
903 -118.545 100.487
904 -118.553 101.271
905 -118.534 102.155
906 -118.492 103.115
907 -118.436 104.133
908 -118.386 105.198
909 -118.365 106.295
910 -118.392 107.401
911 -118.485 108.488
912 -118.646 109.524
913 -118.869 110.479
914 -119.134 111.323
915 -119.417 112.033
916 -119.694 112.583
917 -119.948 112.954
918 -120.173 113.132
919 -120.367 113.116
920 -120.535 112.919
921 -120.681 112.572
922 -120.8 112.112
923 -120.879 111.575
924 -120.9 110.987
925 -120.845 110.365
926 -120.702 109.718
927 -120.471 109.061
928 -120.169 108.421
929 -119.825 107.84
930 -119.477 107.37
931 -119.163 107.06
932 -118.916 106.941
933 -118.759 107.025
934 -118.701 107.296
935 -118.741 107.717
936 -118.868 108.246
937 -119.069 108.84
938 -119.328 109.463
939 -119.635 110.094
940 -119.984 110.724
941 -120.374 111.357
942 -120.806 112.003
943 -121.279 112.669
944 -121.786 113.357
945 -122.307 114.06
946 -122.819 114.758
947 -123.29 115.425
948 -123.694 116.032
949 -124.013 116.555
950 -124.24 116.978
951 -124.382 117.293
952 -124.455 117.508
953 -124.479 117.636
954 -124.473 117.695
955 -124.447 117.695
956 -124.406 117.637
957 -124.348 117.505
958 -124.268 117.274
959 -124.163 116.917
960 -124.035 116.411
961 -123.892 115.752
962 -123.744 114.956
963 -123.599 114.057
964 -123.465 113.097
965 -123.345 112.12
966 -123.238 111.16
967 -123.141 110.242
968 -123.049 109.382
969 -122.952 108.594
970 -122.841 107.895
971 -122.7 107.312
972 -122.519 106.873
973 -122.289 106.606
974 -122.011 106.535
975 -121.698 106.675
976 -121.369 107.027
977 -121.047 107.588
978 -120.754 108.345
979 -120.502 109.277
980 -120.301 110.361
981 -120.158 111.564
982 -120.077 112.85
983 -120.067 114.181
984 -120.133 115.518
985 -120.278 116.828
986 -120.496 118.076
987 -120.774 119.229
988 -121.096 120.254
989 -121.448 121.12
990 -121.815 121.8
991 -122.188 122.276
992 -122.56 122.548
993 -122.922 122.63
994 -123.262 122.546
995 -123.567 122.322
996 -123.821 121.978
997 -124.015 121.526
998 -124.143 120.975
999 -124.202 120.339
1000 -124.193 119.644
1001 -124.112 118.935
1002 -123.954 118.269
1003 -123.709 117.708
1004 -123.37 117.304
1005 -122.936 117.088
1006 -122.419 117.067
1007 -121.842 117.239
1008 -121.233 117.598
1009 -120.623 118.145
1010 -120.039 118.888
1011 -119.5 119.837
1012 -119.018 120.996
1013 -118.599 122.354
1014 -118.238 123.88
1015 -117.928 125.533
1016 -117.654 127.259
1017 -117.403 129.001
1018 -117.168 130.699
1019 -116.946 132.299
1020 -116.743 133.746
1021 -116.574 134.999
1022 -116.456 136.028
1023 -116.409 136.824
1024 -116.449 137.394
1025 -116.586 137.747
1026 -116.822 137.891
1027 -117.152 137.827
1028 -117.565 137.55
1029 -118.049 137.06
1030 -118.589 136.371
1031 -119.172 135.519
1032 -119.786 134.553
1033 -120.415 133.538
1034 -121.039 132.538
1035 -121.636 131.604
1036 -122.185 130.775
1037 -122.664 130.08
1038 -123.057 129.544
1039 -123.354 129.19
1040 -123.551 129.041
1041 -123.646 129.114
1042 -123.64 129.416
1043 -123.535 129.941
1044 -123.331 130.668
1045 -123.035 131.561
1046 -122.657 132.575
1047 -122.212 133.654
1048 -121.724 134.739
1049 -121.218 135.772
1050 -120.725 136.699
1051 -120.276 137.476
1052 -119.903 138.074
1053 -119.635 138.474
1054 -119.496 138.666
1055 -119.501 138.639
1056 -119.658 138.386
1057 -119.963 137.901
1058 -120.412 137.19
1059 -120.999 136.278
1060 -121.72 135.208
1061 -122.572 134.042
1062 -123.549 132.848
1063 -124.635 131.686
1064 -125.804 130.608
1065 -127.016 129.646
1066 -128.23 128.819
1067 -129.406 128.136
1068 -130.517 127.602
1069 -131.548 127.219
1070 -132.492 126.988
1071 -133.349 126.906
1072 -134.123 126.962
1073 -134.819 127.14
1074 -135.443 127.414
1075 -135.999 127.756
1076 -136.485 128.133
1077 -136.894 128.512
1078 -137.218 128.864
1079 -137.446 129.171
1080 -137.567 129.423
1081 -137.579 129.623
1082 -137.483 129.784
1083 -137.288 129.921
1084 -137.006 130.046
1085 -136.65 130.161
1086 -136.229 130.254
1087 -135.751 130.306
1088 -135.224 130.294
1089 -134.661 130.201
1090 -134.081 130.025
1091 -133.509 129.781
1092 -132.974 129.501
1093 -132.509 129.219
1094 -132.141 128.969
1095 -131.887 128.76
1096 -131.752 128.585
1097 -131.73 128.416
1098 -131.806 128.217
1099 -131.958 127.959
1100 -132.161 127.622
1101 -132.387 127.202
1102 -132.609 126.714
1103 -132.805 126.178
1104 -132.953 125.622
1105 -133.041 125.073
1106 -133.062 124.551
1107 -133.013 124.075
1108 -132.894 123.66
1109 -132.705 123.322
1110 -132.444 123.073
1111 -132.114 122.924
1112 -131.726 122.884
1113 -131.299 122.957
1114 -130.862 123.146
1115 -130.452 123.45
1116 -130.105 123.865
1117 -129.848 124.382
1118 -129.697 124.978
1119 -129.645 125.623
1120 -129.677 126.278
1121 -129.763 126.897
1122 -129.868 127.436
1123 -129.96 127.856
1124 -130.008 128.129
1125 -129.993 128.243
1126 -129.906 128.198
1127 -129.751 128.007
1128 -129.542 127.69
1129 -129.298 127.272
1130 -129.035 126.778
1131 -128.764 126.229
1132 -128.482 125.644
1133 -128.181 125.034
1134 -127.849 124.403
1135 -127.483 123.755
1136 -127.094 123.098
1137 -126.712 122.455
1138 -126.377 121.865
1139 -126.13 121.379
1140 -125.999 121.053
1141 -125.993 120.928
1142 -126.096 121.021
1143 -126.273 121.313
1144 -126.485 121.757
1145 -126.693 122.294
1146 -126.874 122.866
1147 -127.021 123.438
1148 -127.145 124
1149 -127.267 124.565
1150 -127.415 125.16
1151 -127.613 125.805
1152 -127.872 126.505
1153 -128.189 127.239
1154 -128.544 127.964
1155 -128.906 128.625
1156 -129.242 129.167
1157 -129.531 129.547
1158 -129.767 129.745
1159 -129.962 129.765
1160 -130.144 129.638
1161 -130.347 129.411
1162 -130.601 129.136
1163 -130.92 128.854
1164 -131.292 128.583
1165 -131.686 128.314
1166 -132.049 128.015
1167 -132.328 127.653
1168 -132.474 127.201
1169 -132.461 126.658
1170 -132.287 126.047
1171 -131.971 125.419
1172 -131.551 124.835
1173 -131.074 124.352
1174 -130.577 124.012
1175 -130.082 123.831
1176 -129.591 123.801
1177 -129.086 123.898
1178 -128.543 124.092
1179 -127.944 124.357
1180 -127.284 124.678
1181 -126.583 125.05
1182 -125.878 125.479
1183 -125.225 125.978
1184 -124.678 126.554
1185 -124.279 127.205
1186 -124.045 127.909
1187 -123.968 128.629
1188 -124.018 129.314
1189 -124.153 129.914
1190 -124.331 130.386
1191 -124.52 130.705
1192 -124.703 130.872
1193 -124.878 130.904
1194 -125.06 130.832
1195 -125.275 130.688
1196 -125.547 130.499
1197 -125.896 130.281
1198 -126.321 130.038
1199 -126.806 129.773
1200 -127.32 129.484
1201 -127.822 129.176
1202 -128.277 128.86
1203 -128.657 128.549
1204 -128.951 128.257
1205 -129.157 128.001
1206 -129.288 127.798
1207 -129.355 127.661
1208 -129.37 127.597
1209 -129.336 127.604
1210 -129.246 127.671
1211 -129.086 127.779
1212 -128.838 127.904
1213 -128.482 128.025
1214 -128.007 128.131
1215 -127.413 128.221
1216 -126.712 128.314
1217 -125.935 128.439
1218 -125.118 128.635
1219 -124.306 128.943
1220 -123.534 129.398
1221 -122.822 130.019
1222 -122.177 130.806
1223 -121.586 131.735
1224 -121.028 132.765
1225 -120.486 133.847
1226 -119.953 134.929
1227 -119.436 135.972
1228 -118.96 136.946
1229 -118.551 137.835
1230 -118.236 138.626
1231 -118.026 139.302
1232 -117.914 139.841
1233 -117.876 140.214
1234 -117.883 140.393
1235 -117.906 140.355
1236 -117.932 140.095
1237 -117.962 139.627
1238 -118.019 138.991
1239 -118.138 138.248
1240 -118.359 137.473
1241 -118.715 136.746
1242 -119.222 136.129
1243 -119.868 135.668
1244 -120.614 135.381
1245 -121.398 135.261
1246 -122.152 135.284
1247 -122.807 135.422
1248 -123.316 135.655
1249 -123.654 135.972
1250 -123.828 136.374
1251 -123.866 136.868
1252 -123.81 137.463
1253 -123.698 138.152
1254 -123.552 138.915
1255 -123.371 139.716
1256 -123.141 140.508
1257 -122.844 141.243
1258 -122.471 141.882
1259 -122.034 142.402
1260 -121.565 142.797
1261 -121.11 143.076
1262 -120.72 143.261
1263 -120.436 143.371
1264 -120.28 143.418
1265 -120.252 143.403
1266 -120.327 143.311
1267 -120.462 143.124
1268 -120.603 142.827
1269 -120.693 142.409
1270 -120.682 141.871
1271 -120.537 141.222
1272 -120.242 140.476
1273 -119.806 139.656
1274 -119.255 138.797
1275 -118.625 137.94
1276 -117.956 137.139
1277 -117.279 136.449
1278 -116.613 135.92
1279 -115.969 135.588
1280 -115.351 135.462
1281 -114.767 135.53
1282 -114.236 135.762
1283 -113.788 136.127
1284 -113.465 136.601
1285 -113.313 137.169
1286 -113.371 137.826
1287 -113.665 138.566
1288 -114.197 139.373
1289 -114.944 140.218
1290 -115.856 141.057
1291 -116.866 141.833
1292 -117.9 142.488
1293 -118.89 142.973
1294 -119.788 143.257
1295 -120.567 143.33
1296 -121.227 143.202
1297 -121.782 142.906
1298 -122.253 142.487
1299 -122.654 142
1300 -122.981 141.496
1301 -123.204 141.017
1302 -123.278 140.582
1303 -123.145 140.189
1304 -122.757 139.825
1305 -122.084 139.476
1306 -121.128 139.142
1307 -119.918 138.845
1308 -118.511 138.63
1309 -116.981 138.555
1310 -115.405 138.675
1311 -113.854 139.019
1312 -112.376 139.581
1313 -110.989 140.311
1314 -109.68 141.137
1315 -108.424 141.972
1316 -107.204 142.745
1317 -106.028 143.414
1318 -104.938 143.967
1319 -104.013 144.422
1320 -103.348 144.81
1321 -103.026 145.163
1322 -103.088 145.495
1323 -103.513 145.799
1324 -104.223 146.041
1325 -105.104 146.18
1326 -106.039 146.175
1327 -106.931 146.006
1328 -107.723 145.678
1329 -108.396 145.222
1330 -108.96 144.693
1331 -109.442 144.154
1332 -109.867 143.661
1333 -110.246 143.252
1334 -110.564 142.935
1335 -110.786 142.692
1336 -110.862 142.489
1337 -110.741 142.29
1338 -110.388 142.071
1339 -109.794 141.829
1340 -108.983 141.583
1341 -108.014 141.36
1342 -106.967 141.192
1343 -105.924 141.093
1344 -104.952 141.059
1345 -104.081 141.059
1346 -103.308 141.042
1347 -102.596 140.951
1348 -101.899 140.734
1349 -101.178 140.355
1350 -100.409 139.801
1351 -99.5945 139.079
1352 -98.757 138.222
1353 -97.9371 137.271
1354 -97.1831 136.277
1355 -96.5416 135.291
1356 -96.0496 134.359
1357 -95.7283 133.52
1358 -95.581 132.806
1359 -95.5938 132.242
1360 -95.741 131.843
1361 -95.9949 131.619
1362 -96.335 131.577
1363 -96.756 131.718
1364 -97.2684 132.041
1365 -97.8899 132.544
1366 -98.6308 133.217
1367 -99.4787 134.037
1368 -100.394 134.977
1369 -101.312 135.994
1370 -102.153 137.039
1371 -102.842 138.054
1372 -103.326 138.982
1373 -103.578 139.771
1374 -103.602 140.384
1375 -103.419 140.793
1376 -103.065 140.987
1377 -102.577 140.97
1378 -101.997 140.762
1379 -101.363 140.388
1380 -100.713 139.875
1381 -100.077 139.247
1382 -99.4742 138.52
1383 -98.9155 137.702
1384 -98.4035 136.805
1385 -97.9375 135.85
1386 -97.521 134.873
1387 -97.1674 133.93
1388 -96.8992 133.088
1389 -96.7425 132.414
1390 -96.7165 131.96
1391 -96.8203 131.751
1392 -97.0261 131.785
1393 -97.2825 132.033
1394 -97.5282 132.455
1395 -97.709 133.013
1396 -97.7937 133.678
1397 -97.7794 134.435
1398 -97.6878 135.278
1399 -97.5522 136.202
1400 -97.4054 137.196
1401 -97.2726 138.23
1402 -97.1707 139.254
1403 -97.1137 140.207
1404 -97.1162 141.019
1405 -97.1937 141.624
1406 -97.3571 141.97
1407 -97.6038 142.031
1408 -97.9133 141.802
1409 -98.2472 141.307
1410 -98.5552 140.577
1411 -98.7867 139.651
1412 -98.8989 138.561
1413 -98.8619 137.328
1414 -98.6585 135.966
1415 -98.2786 134.497
1416 -97.7161 132.953
1417 -96.9691 131.384
1418 -96.0463 129.856
1419 -94.9713 128.44
1420 -93.7808 127.198
1421 -92.5188 126.171
1422 -91.2267 125.374
1423 -89.9377 124.806
1424 -88.6787 124.453
1425 -87.4772 124.306
1426 -86.3744 124.361
1427 -85.4292 124.618
1428 -84.7151 125.073
1429 -84.3025 125.707
1430 -84.2347 126.48
1431 -84.5116 127.33
1432 -85.0864 128.18
1433 -85.8808 128.948
1434 -86.8075 129.563
1435 -87.7938 129.973
1436 -88.7934 130.16
1437 -89.7874 130.137
1438 -90.7719 129.944
1439 -91.744 129.638
1440 -92.6904 129.274
1441 -93.5844 128.889
1442 -94.3904 128.493
1443 -95.0683 128.077
1444 -95.5802 127.619
1445 -95.8981 127.104
1446 -96.0023 126.532
1447 -95.8817 125.924
1448 -95.5321 125.321
1449 -94.9568 124.769
1450 -94.1682 124.305
1451 -93.186 123.946
1452 -92.0365 123.682
1453 -90.7459 123.478
1454 -89.3363 123.284
1455 -87.8305 123.052
1456 -86.2548 122.748
1457 -84.6458 122.361
1458 -83.0573 121.906
1459 -81.5618 121.416
1460 -80.2405 120.933
1461 -79.1696 120.488
1462 -78.4017 120.098
1463 -77.957 119.755
1464 -77.8239 119.438
1465 -77.9684 119.119
1466 -78.3481 118.774
1467 -78.9242 118.396
1468 -79.6665 117.997
1469 -80.5527 117.606
1470 -81.5657 117.261
1471 -82.6852 116.996
1472 -83.8819 116.833
1473 -85.1131 116.774
1474 -86.3269 116.804
1475 -87.4678 116.899
1476 -88.486 117.03
1477 -89.3425 117.177
1478 -90.0158 117.331
1479 -90.5014 117.494
1480 -90.8057 117.678
1481 -90.9434 117.89
1482 -90.9328 118.135
1483 -90.7925 118.406
1484 -90.5394 118.687
1485 -90.1873 118.951
1486 -89.7451 119.173
1487 -89.2188 119.328
1488 -88.6108 119.398
1489 -87.9227 119.373
1490 -87.1578 119.249
1491 -86.3223 119.029
1492 -85.4271 118.718
1493 -84.486 118.326
1494 -83.5146 117.862
1495 -82.531 117.335
1496 -81.5533 116.753
1497 -80.5961 116.12
1498 -79.6692 115.439
1499 -78.7767 114.707
1500 -77.9192 113.923
1501 -77.1023 113.094
1502 -76.3464 112.242
1503 -75.6922 111.407
1504 -75.1992 110.646
1505 -74.934 110.027
1506 -74.9501 109.608
1507 -75.2694 109.431
1508 -75.8713 109.505
1509 -76.6983 109.81
1510 -77.6701 110.301
1511 -78.7065 110.921
1512 -79.745 111.612
1513 -80.7502 112.333
1514 -81.714 113.064
1515 -82.6504 113.814
1516 -83.5824 114.607
1517 -84.5273 115.473
1518 -85.4825 116.425
1519 -86.4173 117.443
1520 -87.2734 118.47
1521 -87.9766 119.422
1522 -88.4542 120.205
1523 -88.6518 120.742
1524 -88.5459 120.987
1525 -88.1492 120.94
1526 -87.513 120.645
1527 -86.7214 120.182
1528 -85.8777 119.65
1529 -85.0814 119.143
1530 -84.4035 118.73
1531 -83.8716 118.437
1532 -83.4724 118.259
1533 -83.1664 118.164
1534 -82.912 118.118
1535 -82.6905 118.105
1536 -82.5188 118.132
1537 -82.4494 118.236
1538 -82.554 118.467
1539 -82.897 118.872
1540 -83.5083 119.476
1541 -84.3657 120.258
1542 -85.3954 121.157
1543 -86.4935 122.079
1544 -87.5523 122.924
1545 -88.4835 123.61
1546 -89.2319 124.085
1547 -89.7773 124.338
1548 -90.1327 124.388
1549 -90.3364 124.277
1550 -90.4371 124.053
1551 -90.4843 123.757
1552 -90.517 123.416
1553 -90.555 123.046
1554 -90.594 122.649
1555 -90.6059 122.228
1556 -90.5465 121.786
1557 -90.3679 121.336
1558 -90.0344 120.9
1559 -89.5365 120.505
1560 -88.8984 120.185
1561 -88.1712 119.976
1562 -87.4201 119.907
1563 -86.7072 119.999
1564 -86.076 120.26
1565 -85.5439 120.682
1566 -85.1041 121.242
1567 -84.7334 121.901
1568 -84.4017 122.615
1569 -84.0819 123.34
1570 -83.758 124.042
1571 -83.4297 124.696
1572 -83.1126 125.298
1573 -82.8373 125.857
1574 -82.6428 126.393
1575 -82.5662 126.935
1576 -82.6336 127.506
1577 -82.8515 128.12
1578 -83.2015 128.774
1579 -83.6439 129.448
1580 -84.1257 130.106
1581 -84.5953 130.71
1582 -85.0138 131.23
1583 -85.3632 131.649
1584 -85.6484 131.974
1585 -85.8912 132.227
1586 -86.1202 132.441
1587 -86.358 132.65
1588 -86.6102 132.873
1589 -86.8592 133.108
1590 -87.0677 133.338
1591 -87.1881 133.531
1592 -87.1762 133.658
1593 -87.0039 133.696
1594 -86.6681 133.644
1595 -86.1937 133.524
1596 -85.6299 133.378
1597 -85.0386 133.259
1598 -84.4816 133.222
1599 -84.0071 133.301
1600 -83.6347 133.505
1601 -83.3542 133.81
1602 -83.1339 134.17
1603 -82.9339 134.529
1604 -82.7216 134.841
1605 -82.4852 135.089
1606 -82.2406 135.285
1607 -82.0303 135.464
1608 -81.9127 135.676
1609 -81.9475 135.963
1610 -82.1765 136.345
1611 -82.6113 136.817
1612 -83.2299 137.352
1613 -83.9825 137.909
1614 -84.8067 138.448
1615 -85.6426 138.944
1616 -86.4453 139.389
1617 -87.1893 139.793
1618 -87.8669 140.182
1619 -88.4806 140.585
1620 -89.0361 141.03
1621 -89.534 141.531
1622 -89.9644 142.085
1623 -90.3083 142.671
1624 -90.5395 143.251
1625 -90.6301 143.781
1626 -90.5569 144.219
1627 -90.3099 144.538
1628 -89.8951 144.732
1629 -89.338 144.813
1630 -88.6826 144.807
1631 -87.9859 144.747
1632 -87.3092 144.663
1633 -86.7092 144.579
1634 -86.2297 144.51
1635 -85.8963 144.461
1636 -85.7155 144.429
1637 -85.6783 144.398
1638 -85.7669 144.35
1639 -85.9612 144.265
1640 -86.2461 144.129
1641 -86.6143 143.941
1642 -87.064 143.713
1643 -87.5938 143.468
1644 -88.1953 143.234
1645 -88.8465 143.033
1646 -89.5115 142.873
1647 -90.145 142.745
1648 -90.702 142.631
1649 -91.1513 142.507
1650 -91.4866 142.359
1651 -91.7311 142.189
1652 -91.9351 142.016
1653 -92.1648 141.879
1654 -92.4856 141.825
1655 -92.9451 141.901
1656 -93.5588 142.139
1657 -94.305 142.55
1658 -95.1337 143.12
1659 -95.9804 143.808
1660 -96.7812 144.559
1661 -97.4907 145.317
1662 -98.0907 146.038
1663 -98.5925 146.701
1664 -99.0287 147.305
1665 -99.4403 147.866
1666 -99.8584 148.396
1667 -100.29 148.895
1668 -100.709 149.344
1669 -101.067 149.701
1670 -101.303 149.921
1671 -101.367 149.966
1672 -101.236 149.818
1673 -100.928 149.49
1674 -100.5 149.027
1675 -100.048 148.498
1676 -99.6812 147.979
1677 -99.4974 147.54
1678 -99.558 147.223
1679 -99.8724 147.035
1680 -100.401 146.955
1681 -101.07 146.943
1682 -101.798 146.964
1683 -102.515 146.997
1684 -103.182 147.046
1685 -103.798 147.143
1686 -104.394 147.335
1687 -105.012 147.671
1688 -105.684 148.179
1689 -106.415 148.856
1690 -107.17 149.654
1691 -107.888 150.495
1692 -108.496 151.29
1693 -108.934 151.961
1694 -109.163 152.459
1695 -109.175 152.768
1696 -108.995 152.906
1697 -108.672 152.91
1698 -108.283 152.827
1699 -107.91 152.696
1700 -107.625 152.53
1701 -107.472 152.32
1702 -107.454 152.034
1703 -107.538 151.636
1704 -107.663 151.099
1705 -107.762 150.411
1706 -107.779 149.584
1707 -107.683 148.641
1708 -107.477 147.625
1709 -107.187 146.589
1710 -106.857 145.592
1711 -106.533 144.694
1712 -106.243 143.944
1713 -105.996 143.37
1714 -105.77 142.969
1715 -105.531 142.717
1716 -105.24 142.569
1717 -104.865 142.485
1718 -104.397 142.439
1719 -103.853 142.434
1720 -103.28 142.499
1721 -102.748 142.678
1722 -102.331 143.015
1723 -102.094 143.531
1724 -102.069 144.216
1725 -102.244 145.027
1726 -102.567 145.899
1727 -102.964 146.759
1728 -103.362 147.541
1729 -103.705 148.192
1730 -103.971 148.686
1731 -104.172 149.021
1732 -104.346 149.219
1733 -104.545 149.321
1734 -104.814 149.378
1735 -105.174 149.433
1736 -105.614 149.51
1737 -106.089 149.602
1738 -106.527 149.673
1739 -106.85 149.674
1740 -106.995 149.561
1741 -106.927 149.311
1742 -106.65 148.939
1743 -106.21 148.491
1744 -105.682 148.034
1745 -105.157 147.64
1746 -104.717 147.36
1747 -104.409 147.211
1748 -104.241 147.169
1749 -104.183 147.18
1750 -104.186 147.184
1751 -104.21 147.131
1752 -104.238 147.002
1753 -104.291 146.812
1754 -104.419 146.608
1755 -104.692 146.455
1756 -105.171 146.417
1757 -105.888 146.535
1758 -106.827 146.814
1759 -107.931 147.219
1760 -109.107 147.682
1761 -110.256 148.125
1762 -111.295 148.482
1763 -112.171 148.71
1764 -112.865 148.804
1765 -113.392 148.786
1766 -113.789 148.701
1767 -114.099 148.596
1768 -114.353 148.51
1769 -114.558 148.46
1770 -114.691 148.434
1771 -114.708 148.4
1772 -114.557 148.321
1773 -114.188 148.161
1774 -113.573 147.907
1775 -112.708 147.572
1776 -111.626 147.192
1777 -110.389 146.826
1778 -109.079 146.536
1779 -107.785 146.376
1780 -106.578 146.369
1781 -105.494 146.51
1782 -104.536 146.757
1783 -103.667 147.054
1784 -102.835 147.34
1785 -101.993 147.567
1786 -101.113 147.707
1787 -100.201 147.758
1788 -99.2912 147.732
1789 -98.4383 147.654
1790 -97.7037 147.548
1791 -97.138 147.429
1792 -96.767 147.302
1793 -96.5867 147.16
1794 -96.5655 146.988
1795 -96.6547 146.767
1796 -96.8017 146.481
1797 -96.9642 146.117
1798 -97.1206 145.678
1799 -97.2759 145.18
1800 -97.4581 144.656
1801 -97.7073 144.159
1802 -98.0613 143.742
1803 -98.536 143.452
1804 -99.1141 143.318
1805 -99.7453 143.335
1806 -100.354 143.475
1807 -100.859 143.691
1808 -101.188 143.934
1809 -101.294 144.168
1810 -101.168 144.372
1811 -100.836 144.546
1812 -100.348 144.7
1813 -99.7737 144.855
1814 -99.176 145.027
1815 -98.5987 145.224
1816 -98.055 145.435
1817 -97.5294 145.629
1818 -96.9863 145.761
1819 -96.3856 145.778
1820 -95.7017 145.634
1821 -94.933 145.307
1822 -94.1046 144.806
1823 -93.2706 144.181
1824 -92.5029 143.519
1825 -91.8684 142.919
1826 -91.4117 142.467
1827 -91.1397 142.217
1828 -91.018 142.179
1829 -90.981 142.328
1830 -90.9502 142.616
1831 -90.8567 142.996
1832 -90.6591 143.438
1833 -90.3527 143.929
1834 -89.9698 144.481
1835 -89.5718 145.116
1836 -89.2319 145.854
1837 -89.012 146.698
1838 -88.9419 147.624
1839 -89.008 148.57
1840 -89.1562 149.446
1841 -89.3086 150.146
1842 -89.3852 150.572
1843 -89.3264 150.655
1844 -89.1064 150.373
1845 -88.7399 149.744
1846 -88.2795 148.832
1847 -87.8049 147.727
1848 -87.4017 146.527
1849 -87.1365 145.318
1850 -87.0372 144.153
1851 -87.0847 143.049
1852 -87.2206 141.999
1853 -87.3664 140.973
1854 -87.4488 139.946
1855 -87.4212 138.911
1856 -87.2786 137.89
1857 -87.0601 136.937
1858 -86.8401 136.133
1859 -86.7049 135.564
1860 -86.723 135.3
1861 -86.9195 135.364
1862 -87.2633 135.72
1863 -87.6754 136.282
1864 -88.0519 136.932
1865 -88.293 137.552
1866 -88.328 138.053
1867 -88.1308 138.389
1868 -87.7238 138.555
1869 -87.173 138.582
1870 -86.5718 138.515
1871 -86.0183 138.395
1872 -85.5919 138.252
1873 -85.3331 138.089
1874 -85.2349 137.89
1875 -85.2493 137.62
1876 -85.3054 137.243
1877 -85.3329 136.726
1878 -85.286 136.057
1879 -85.1573 135.26
1880 -84.9811 134.39
1881 -84.8218 133.536
1882 -84.7527 132.799
1883 -84.8288 132.265
1884 -85.0649 131.978
1885 -85.4264 131.93
1886 -85.8381 132.069
1887 -86.2052 132.315
1888 -86.4396 132.592
1889 -86.481 132.844
1890 -86.3117 133.052
1891 -85.9587 133.23
1892 -85.4871 133.416
1893 -84.9895 133.661
1894 -84.5667 134.008
1895 -84.304 134.482
1896 -84.2527 135.079
1897 -84.4176 135.765
1898 -84.7584 136.474
1899 -85.2028 137.133
1900 -85.6679 137.664
1901 -86.0846 138.007
1902 -86.415 138.133
1903 -86.6615 138.054
1904 -86.8645 137.816
1905 -87.0881 137.49
1906 -87.397 137.15
1907 -87.8309 136.852
1908 -88.3867 136.615
1909 -89.0146 136.42
1910 -89.6329 136.22
1911 -90.1515 135.958
1912 -90.5001 135.591
1913 -90.6465 135.107
1914 -90.6052 134.539
1915 -90.4377 133.955
1916 -90.2357 133.448
1917 -90.0965 133.115
1918 -90.0958 133.028
1919 -90.2658 133.218
1920 -90.5857 133.663
1921 -90.9912 134.301
1922 -91.3964 135.041
1923 -91.7208 135.792
1924 -91.9112 136.482
1925 -91.9545 137.072
1926 -91.8816 137.558
1927 -91.7613 137.968
1928 -91.684 138.347
1929 -91.7374 138.741
1930 -91.98 139.175
1931 -92.4224 139.644
1932 -93.0238 140.11
1933 -93.7047 140.514
1934 -94.3727 140.79
1935 -94.9501 140.885
1936 -95.3942 140.777
1937 -95.7048 140.473
1938 -95.9204 140.019
1939 -96.102 139.48
1940 -96.3085 138.924
1941 -96.5724 138.404
1942 -96.8838 137.937
1943 -97.1904 137.505
1944 -97.4111 137.061
1945 -97.4577 136.55
1946 -97.2572 135.93
1947 -96.7705 135.184
1948 -96.0021 134.328
1949 -95.0034 133.413
1950 -93.8653 132.508
1951 -92.7014 131.695
1952 -91.6227 131.043
1953 -90.7114 130.599
1954 -90.0044 130.38
1955 -89.4909 130.371
1956 -89.1264 130.534
1957 -88.8555 130.825
1958 -88.6364 131.202
1959 -88.4568 131.636
1960 -88.3383 132.118
1961 -88.3291 132.648
1962 -88.4857 133.234
1963 -88.851 133.875
1964 -89.4337 134.558
1965 -90.1977 135.251
1966 -91.0664 135.905
1967 -91.9385 136.463
1968 -92.7138 136.872
1969 -93.3172 137.096
1970 -93.7112 137.12
1971 -93.905 136.957
1972 -93.9531 136.645
1973 -93.9428 136.25
1974 -93.9737 135.852
1975 -94.1309 135.529
1976 -94.4612 135.341
1977 -94.9598 135.316
1978 -95.5732 135.446
1979 -96.2188 135.693
1980 -96.811 136.004
1981 -97.2851 136.331
1982 -97.612 136.641
1983 -97.8007 136.922
1984 -97.8909 137.184
1985 -97.9422 137.452
1986 -98.014 137.755
1987 -98.1494 138.114
1988 -98.3613 138.524
1989 -98.629 138.957
1990 -98.9069 139.361
1991 -99.1405 139.673
1992 -99.2871 139.833
1993 -99.3332 139.798
1994 -99.3057 139.56
1995 -99.2747 139.145
1996 -99.3419 138.62
1997 -99.616 138.07
1998 -100.179 137.583
1999 -101.053 137.216
2000 -102.193 136.981
2001 -103.496 136.844
