     1	-90.0591
     2	-90.3928
     3	-90.6758
     4	-90.8589
     5	-90.9076
     6	-90.8095
     7	-90.5761
     8	-90.243
     9	-89.8607
    10	-89.4816
    11	-89.1488
    12	-88.8864
    13	-88.6966
    14	-88.5612
    15	-88.4459
    16	-88.3132
    17	-88.1347
    18	-87.9016
    19	-87.629
    20	-87.3529
    21	-87.1215
    22	-86.982
    23	-86.9678
    24	-87.0876
    25	-87.323
    26	-87.634
    27	-87.9727
    28	-88.2964
    29	-88.5802
    30	-88.8248
    31	-89.0541
    32	-89.3061
    33	-89.6169
    34	-90.0045
    35	-90.4578
    36	-90.9357
    37	-91.3776
    38	-91.7196
    39	-91.9117
    40	-91.9334
    41	-91.7962
    42	-91.5405
    43	-91.2258
    44	-90.9146
    45	-90.6561
    46	-90.4744
    47	-90.3631
    48	-90.2909
    49	-90.2138
    50	-90.0896
    51	-89.8934
    52	-89.6281
    53	-89.3297
    54	-89.0585
    55	-88.8805
    56	-88.8447
    57	-88.9659
    58	-89.2184
    59	-89.5454
    60	-89.8802
    61	-90.1665
    62	-90.3754
    63	-90.5102
    64	-90.6024
    65	-90.704
    66	-90.8693
    67	-91.1373
    68	-91.5181
    69	-91.9887
    70	-92.4991
    71	-92.9843
    72	-93.3804
    73	-93.6358
    74	-93.7204
    75	-93.6333
    76	-93.3993
    77	-93.0618
    78	-92.6733
    79	-92.281
    80	-91.9118
    81	-91.5671
    82	-91.2242
    83	-90.8481
    84	-90.4054
    85	-89.878
    86	-89.2728
    87	-88.6234
    88	-87.984
    89	-87.4171
    90	-86.9755
    91	-86.6882
    92	-86.5513
    93	-86.5293
    94	-86.5646
    95	-86.5919
    96	-86.5554
    97	-86.4209
    98	-86.1827
    99	-85.8626
   100	-85.5038
   101	-85.1577
   102	-84.8701
   103	-84.6681
   104	-84.5515
   105	-84.4912
   106	-84.439
   107	-84.3437
   108	-84.1691
   109	-83.9077
   110	-83.5869
   111	-83.2646
   112	-83.0117
   113	-82.8934
   114	-82.9464
   115	-83.1624
   116	-83.4918
   117	-83.86
   118	-84.1925
   119	-84.4385
   120	-84.5854
   121	-84.662
   122	-84.7298
   123	-84.8647
   124	-85.1342
   125	-85.5763
   126	-86.1872
   127	-86.9249
   128	-87.721
   129	-88.5037
   130	-89.2181
   131	-89.8384
   132	-90.3723
   133	-90.8503
   134	-91.313
   135	-91.7984
   136	-92.3255
   137	-92.8885
   138	-93.4559
   139	-93.981
   140	-94.4162
   141	-94.7252
   142	-94.8924
   143	-94.9285
   144	-94.8686
   145	-94.7672
   146	-94.6835
   147	-94.664
   148	-94.7293
   149	-94.8668
   150	-95.0359
   151	-95.1813
   152	-95.2518
   153	-95.2172
   154	-95.0781
   155	-94.8687
   156	-94.6488
   157	-94.4882
   158	-94.449
   159	-94.5702
   160	-94.8598
   161	-95.2955
   162	-95.8358
   163	-96.4291
   164	-97.027
   165	-97.5972
   166	-98.1265
   167	-98.6189
   168	-99.0893
   169	-99.5541
   170	-100.021
   171	-100.483
   172	-100.913
   173	-101.271
   174	-101.513
   175	-101.601
   176	-101.512
   177	-101.246
   178	-100.827
   179	-100.291
   180	-99.6855
   181	-99.053
   182	-98.4206
   183	-97.7944
   184	-97.1597
   185	-96.4838
   186	-95.7299
   187	-94.8694
   188	-93.8949
   189	-92.8285
   190	-91.7224
   191	-90.6517
   192	-89.6942
   193	-88.9171
   194	-88.356
   195	-87.9923
   196	-87.7649
   197	-87.5919
   198	-87.3991
   199	-87.1439
   200	-86.8276
   201	-86.4944
   202	-86.2177
   203	-86.0777
   204	-86.1349
   205	-86.4092
   206	-86.872
   207	-87.4558
   208	-88.0719
   209	-88.6335
   210	-89.0777
   211	-89.3745
   212	-89.5275
   213	-89.5662
   214	-89.5323
   215	-89.4655
   216	-89.3898
   217	-89.307
   218	-89.1988
   219	-89.0361
   220	-88.791
   221	-88.4508
   222	-88.0262
   223	-87.56
   224	-87.1239
   225	-86.8036
   226	-86.6809
   227	-86.8127
   228	-87.214
   229	-87.855
   230	-88.6707
   231	-89.5798
   232	-90.5075
   233	-91.3966
   234	-92.2168
   235	-92.9688
   236	-93.6732
   237	-94.3595
   238	-95.0528
   239	-95.764
   240	-96.4865
   241	-97.1976
   242	-97.8638
   243	-98.4498
   244	-98.9281
   245	-99.2845
   246	-99.5222
   247	-99.6604
   248	-99.7276
   249	-99.7518
   250	-99.7514
   251	-99.7277
   252	-99.6623
   253	-99.5205
   254	-99.2596
   255	-98.8413
   256	-98.2437
   257	-97.4711
   258	-96.5619
   259	-95.588
   260	-94.6422
   261	-93.821
   262	-93.2023
   263	-92.8258
   264	-92.6869
   265	-92.7458
   266	-92.9473
   267	-93.2426
   268	-93.6065
   269	-94.042
   270	-94.5755
   271	-95.2434
   272	-96.0732
   273	-97.0675
   274	-98.1954
   275	-99.3959
   276	-100.591
   277	-101.704
   278	-102.675
   279	-103.472
   280	-104.093
   281	-104.563
   282	-104.926
   283	-105.232
   284	-105.521
   285	-105.812
   286	-106.098
   287	-106.348
   288	-106.52
   289	-106.576
   290	-106.486
   291	-106.242
   292	-105.856
   293	-105.352
   294	-104.764
   295	-104.119
   296	-103.428
   297	-102.685
   298	-101.865
   299	-100.942
   300	-99.8966
   301	-98.7275
   302	-97.4627
   303	-96.1639
   304	-94.9173
   305	-93.8082
   306	-92.9032
   307	-92.2338
   308	-91.7948
   309	-91.5499
   310	-91.4409
   311	-91.403
   312	-91.3778
   313	-91.3239
   314	-91.222
   315	-91.0744
   316	-90.8968
   317	-90.706
   318	-90.5101
   319	-90.3006
   320	-90.0534
   321	-89.7363
   322	-89.3186
   323	-88.7813
   324	-88.1223
   325	-87.3559
   326	-86.5093
   327	-85.6186
   328	-84.7184
   329	-83.8367
   330	-82.9965
   331	-82.2115
   332	-81.4843
   333	-80.8055
   334	-80.1548
   335	-79.5057
   336	-78.8335
   337	-78.1236
   338	-77.3824
   339	-76.6408
   340	-75.9471
   341	-75.3561
   342	-74.9114
   343	-74.6334
   344	-74.5131
   345	-74.516
   346	-74.5982
   347	-74.7243
   348	-74.8797
   349	-75.0725
   350	-75.3261
   351	-75.6643
   352	-76.0971
   353	-76.609
   354	-77.1586
   355	-77.6878
   356	-78.133
   357	-78.4386
   358	-78.5653
   359	-78.4965
   360	-78.2414
   361	-77.8347
   362	-77.3302
   363	-76.7886
   364	-76.2596
   365	-75.7686
   366	-75.3112
   367	-74.8605
   368	-74.3882
   369	-73.8859
   370	-73.3793
   371	-72.933
   372	-72.6388
   373	-72.5932
   374	-72.8677
   375	-73.4824
   376	-74.4022
   377	-75.5519
   378	-76.8389
   379	-78.1781
   380	-79.5101
   381	-80.8042
   382	-82.0529
   383	-83.2592
   384	-84.4249
   385	-85.5446
   386	-86.6013
   387	-87.5691
   388	-88.413
   389	-89.0926
   390	-89.5692
   391	-89.808
   392	-89.784
   393	-89.4887
   394	-88.9363
   395	-88.1653
   396	-87.2327
   397	-86.2028
   398	-85.1336
   399	-84.0673
   400	-83.029
   401	-82.0311
   402	-81.0811
   403	-80.1933
   404	-79.3919
   405	-78.7079
   406	-78.1754
   407	-77.8245
   408	-77.6787
   409	-77.7517
   410	-78.0468
   411	-78.5537
   412	-79.2477
   413	-80.0847
   414	-81.0038
   415	-81.94
   416	-82.8332
   417	-83.6415
   418	-84.3452
   419	-84.9471
   420	-85.4667
   421	-85.9271
   422	-86.3415
   423	-86.7061
   424	-87.001
   425	-87.1994
   426	-87.2799
   427	-87.237
   428	-87.0851
   429	-86.8564
   430	-86.5915
   431	-86.3286
   432	-86.092
   433	-85.8858
   434	-85.6924
   435	-85.4771
   436	-85.1972
   437	-84.8118
   438	-84.2933
   439	-83.6365
   440	-82.8617
   441	-82.0157
   442	-81.1637
   443	-80.3715
   444	-79.685
   445	-79.1183
   446	-78.6499
   447	-78.2326
   448	-77.8127
   449	-77.3503
   450	-76.8318
   451	-76.2749
   452	-75.724
   453	-75.2359
   454	-74.8614
   455	-74.6305
   456	-74.5429
   457	-74.5667
   458	-74.6479
   459	-74.7223
   460	-74.7301
   461	-74.6273
   462	-74.3939
   463	-74.0364
   464	-73.5826
   465	-73.0703
   466	-72.5314
   467	-71.9809
   468	-71.4123
   469	-70.8036
   470	-70.1329
   471	-69.3894
   472	-68.5832
   473	-67.7449
   474	-66.92
   475	-66.1595
   476	-65.5103
   477	-65.0085
   478	-64.6787
   479	-64.5339
   480	-64.5752
   481	-64.7903
   482	-65.1537
   483	-65.6286
   484	-66.1744
   485	-66.7576
   486	-67.3589
   487	-67.9771
   488	-68.6273
   489	-69.3338
   490	-70.1192
   491	-70.9936
   492	-71.9493
   493	-72.957
   494	-73.9722
   495	-74.9465
   496	-75.8396
   497	-76.6298
   498	-77.3147
   499	-77.9099
   500	-78.4438
   501	-78.9454
   502	-79.4326
   503	-79.9052
   504	-80.3451
   505	-80.7231
   506	-81.0104
   507	-81.1888
   508	-81.2603
   509	-81.2525
   510	-81.2171
   511	-81.2205
   512	-81.3284
   513	-81.5848
   514	-81.9981
   515	-82.5388
   516	-83.1501
   517	-83.7696
   518	-84.3484
   519	-84.8657
   520	-85.3344
   521	-85.7928
   522	-86.2901
   523	-86.8666
   524	-87.541
   525	-88.3069
   526	-89.1388
   527	-90.0046
   528	-90.8741
   529	-91.7252
   530	-92.5486
   531	-93.3441
   532	-94.1168
   533	-94.8716
   534	-95.6086
   535	-96.3206
   536	-96.9895
   537	-97.5852
   538	-98.0674
   539	-98.3913
   540	-98.5174
   541	-98.4214
   542	-98.1024
   543	-97.5868
   544	-96.9233
   545	-96.175
   546	-95.4048
   547	-94.6646
   548	-93.9896
   549	-93.3998
   550	-92.906
   551	-92.5158
   552	-92.2376
   553	-92.0809
   554	-92.0544
   555	-92.1613
   556	-92.3987
   557	-92.7584
   558	-93.2295
   559	-93.7991
   560	-94.4501
   561	-95.1579
   562	-95.8903
   563	-96.6055
   564	-97.2584
   565	-97.8139
   566	-98.2541
   567	-98.5824
   568	-98.8219
   569	-99.0069
   570	-99.1705
   571	-99.3333
   572	-99.4954
   573	-99.6378
   574	-99.7293
   575	-99.7368
   576	-99.6349
   577	-99.4109
   578	-99.0697
   579	-98.6339
   580	-98.1417
   581	-97.6437
   582	-97.1937
   583	-96.8356
   584	-96.5904
   585	-96.4496
   586	-96.3823
   587	-96.3528
   588	-96.3418
   589	-96.361
   590	-96.4576
   591	-96.7025
   592	-97.1681
   593	-97.8994
   594	-98.8944
   595	-100.102
   596	-101.437
   597	-102.804
   598	-104.12
   599	-105.318
   600	-106.362
   601	-107.234
   602	-107.935
   603	-108.474
   604	-108.876
   605	-109.163
   606	-109.356
   607	-109.463
   608	-109.48
   609	-109.39
   610	-109.174
   611	-108.822
   612	-108.336
   613	-107.741
   614	-107.076
   615	-106.39
   616	-105.728
   617	-105.12
   618	-104.579
   619	-104.099
   620	-103.671
   621	-103.288
   622	-102.954
   623	-102.683
   624	-102.498
   625	-102.429
   626	-102.503
   627	-102.75
   628	-103.195
   629	-103.856
   630	-104.735
   631	-105.816
   632	-107.061
   633	-108.416
   634	-109.815
   635	-111.194
   636	-112.499
   637	-113.697
   638	-114.763
   639	-115.68
   640	-116.436
   641	-117.015
   642	-117.395
   643	-117.55
   644	-117.465
   645	-117.137
   646	-116.582
   647	-115.836
   648	-114.951
   649	-113.988
   650	-113.013
   651	-112.083
   652	-111.244
   653	-110.525
   654	-109.934
   655	-109.459
   656	-109.074
   657	-108.75
   658	-108.466
   659	-108.22
   660	-108.028
   661	-107.917
   662	-107.911
   663	-108.018
   664	-108.22
   665	-108.479
   666	-108.744
   667	-108.973
   668	-109.138
   669	-109.238
   670	-109.293
   671	-109.335
   672	-109.397
   673	-109.499
   674	-109.637
   675	-109.782
   676	-109.883
   677	-109.878
   678	-109.71
   679	-109.333
   680	-108.725
   681	-107.891
   682	-106.862
   683	-105.689
   684	-104.436
   685	-103.163
   686	-101.908
   687	-100.686
   688	-99.4975
   689	-98.3363
   690	-97.2075
   691	-96.1398
   692	-95.1893
   693	-94.4329
   694	-93.9492
   695	-93.7931
   696	-93.9744
   697	-94.452
   698	-95.1448
   699	-95.9542
   700	-96.7886
   701	-97.5805
   702	-98.2951
   703	-98.9251
   704	-99.483
   705	-99.9901
   706	-100.468
   707	-100.93
   708	-101.38
   709	-101.809
   710	-102.2
   711	-102.535
   712	-102.791
   713	-102.95
   714	-102.998
   715	-102.932
   716	-102.755
   717	-102.477
   718	-102.109
   719	-101.662
   720	-101.138
   721	-100.539
   722	-99.8646
   723	-99.1189
   724	-98.3181
   725	-97.4922
   726	-96.6864
   727	-95.9562
   728	-95.3633
   729	-94.9662
   730	-94.8078
   731	-94.9079
   732	-95.2596
   733	-95.8311
   734	-96.5728
   735	-97.4296
   736	-98.351
   737	-99.302
   738	-100.26
   739	-101.212
   740	-102.156
   741	-103.084
   742	-103.983
   743	-104.824
   744	-105.567
   745	-106.172
   746	-106.602
   747	-106.835
   748	-106.87
   749	-106.725
   750	-106.435
   751	-106.052
   752	-105.629
   753	-105.214
   754	-104.836
   755	-104.5
   756	-104.193
   757	-103.889
   758	-103.563
   759	-103.201
   760	-102.816
   761	-102.439
   762	-102.119
   763	-101.903
   764	-101.823
   765	-101.885
   766	-102.071
   767	-102.348
   768	-102.681
   769	-103.049
   770	-103.451
   771	-103.902
   772	-104.431
   773	-105.06
   774	-105.799
   775	-106.636
   776	-107.537
   777	-108.453
   778	-109.325
   779	-110.09
   780	-110.698
   781	-111.106
   782	-111.291
   783	-111.247
   784	-110.989
   785	-110.549
   786	-109.971
   787	-109.301
   788	-108.581
   789	-107.845
   790	-107.12
   791	-106.425
   792	-105.781
   793	-105.212
   794	-104.742
   795	-104.392
   796	-104.176
   797	-104.095
   798	-104.138
   799	-104.283
   800	-104.502
   801	-104.767
   802	-105.052
   803	-105.334
   804	-105.601
   805	-105.844
   806	-106.064
   807	-106.27
   808	-106.473
   809	-106.691
   810	-106.935
   811	-107.213
   812	-107.514
   813	-107.816
   814	-108.085
   815	-108.285
   816	-108.389
   817	-108.381
   818	-108.264
   819	-108.05
   820	-107.756
   821	-107.397
   822	-106.982
   823	-106.517
   824	-106.002
   825	-105.444
   826	-104.851
   827	-104.239
   828	-103.633
   829	-103.058
   830	-102.547
   831	-102.128
   832	-101.826
   833	-101.653
   834	-101.61
   835	-101.69
   836	-101.88
   837	-102.169
   838	-102.557
   839	-103.052
   840	-103.672
   841	-104.435
   842	-105.349
   843	-106.408
   844	-107.578
   845	-108.813
   846	-110.061
   847	-111.275
   848	-112.423
   849	-113.494
   850	-114.492
   851	-115.427
   852	-116.313
   853	-117.154
   854	-117.939
   855	-118.64
   856	-119.216
   857	-119.622
   858	-119.82
   859	-119.789
   860	-119.53
   861	-119.066
   862	-118.436
   863	-117.693
   864	-116.896
   865	-116.099
   866	-115.349
   867	-114.678
   868	-114.104
   869	-113.634
   870	-113.266
   871	-112.996
   872	-112.823
   873	-112.749
   874	-112.783
   875	-112.932
   876	-113.194
   877	-113.561
   878	-114.007
   879	-114.504
   880	-115.013
   881	-115.5
   882	-115.939
   883	-116.311
   884	-116.61
   885	-116.844
   886	-117.027
   887	-117.181
   888	-117.325
   889	-117.473
   890	-117.629
   891	-117.786
   892	-117.933
   893	-118.057
   894	-118.151
   895	-118.215
   896	-118.257
   897	-118.289
   898	-118.321
   899	-118.362
   900	-118.411
   901	-118.464
   902	-118.512
   903	-118.545
   904	-118.553
   905	-118.534
   906	-118.492
   907	-118.436
   908	-118.386
   909	-118.365
   910	-118.392
   911	-118.485
   912	-118.646
   913	-118.869
   914	-119.134
   915	-119.417
   916	-119.694
   917	-119.948
   918	-120.173
   919	-120.367
   920	-120.535
   921	-120.681
   922	-120.8
   923	-120.879
   924	-120.9
   925	-120.845
   926	-120.702
   927	-120.471
   928	-120.169
   929	-119.825
   930	-119.477
   931	-119.163
   932	-118.916
   933	-118.759
   934	-118.701
   935	-118.741
   936	-118.868
   937	-119.069
   938	-119.328
   939	-119.635
   940	-119.984
   941	-120.374
   942	-120.806
   943	-121.279
   944	-121.786
   945	-122.307
   946	-122.819
   947	-123.29
   948	-123.694
   949	-124.013
   950	-124.24
   951	-124.382
   952	-124.455
   953	-124.479
   954	-124.473
   955	-124.447
   956	-124.406
   957	-124.348
   958	-124.268
   959	-124.163
   960	-124.035
   961	-123.892
   962	-123.744
   963	-123.599
   964	-123.465
   965	-123.345
   966	-123.238
   967	-123.141
   968	-123.049
   969	-122.952
   970	-122.841
   971	-122.7
   972	-122.519
   973	-122.289
   974	-122.011
   975	-121.698
   976	-121.369
   977	-121.047
   978	-120.754
   979	-120.502
   980	-120.301
   981	-120.158
   982	-120.077
   983	-120.067
   984	-120.133
   985	-120.278
   986	-120.496
   987	-120.774
   988	-121.096
   989	-121.448
   990	-121.815
   991	-122.188
   992	-122.56
   993	-122.922
   994	-123.262
   995	-123.567
   996	-123.821
   997	-124.015
   998	-124.143
   999	-124.202
  1000	-124.193
  1001	-124.112
  1002	-123.954
  1003	-123.709
  1004	-123.37
  1005	-122.936
  1006	-122.419
  1007	-121.842
  1008	-121.233
  1009	-120.623
  1010	-120.039
  1011	-119.5
  1012	-119.018
  1013	-118.599
  1014	-118.238
  1015	-117.928
  1016	-117.654
  1017	-117.403
  1018	-117.168
  1019	-116.946
  1020	-116.743
  1021	-116.574
  1022	-116.456
  1023	-116.409
  1024	-116.449
  1025	-116.586
  1026	-116.822
  1027	-117.152
  1028	-117.565
  1029	-118.049
  1030	-118.589
  1031	-119.172
  1032	-119.786
  1033	-120.415
  1034	-121.039
  1035	-121.636
  1036	-122.185
  1037	-122.664
  1038	-123.057
  1039	-123.354
  1040	-123.551
  1041	-123.646
  1042	-123.64
  1043	-123.535
  1044	-123.331
  1045	-123.035
  1046	-122.657
  1047	-122.212
  1048	-121.724
  1049	-121.218
  1050	-120.725
  1051	-120.276
  1052	-119.903
  1053	-119.635
  1054	-119.496
  1055	-119.501
  1056	-119.658
  1057	-119.963
  1058	-120.412
  1059	-120.999
  1060	-121.72
  1061	-122.572
  1062	-123.549
  1063	-124.635
  1064	-125.804
  1065	-127.016
  1066	-128.23
  1067	-129.406
  1068	-130.517
  1069	-131.548
  1070	-132.492
  1071	-133.349
  1072	-134.123
  1073	-134.819
  1074	-135.443
  1075	-135.999
  1076	-136.485
  1077	-136.894
  1078	-137.218
  1079	-137.446
  1080	-137.567
  1081	-137.579
  1082	-137.483
  1083	-137.288
  1084	-137.006
  1085	-136.65
  1086	-136.229
  1087	-135.751
  1088	-135.224
  1089	-134.661
  1090	-134.081
  1091	-133.509
  1092	-132.974
  1093	-132.509
  1094	-132.141
  1095	-131.887
  1096	-131.752
  1097	-131.73
  1098	-131.806
  1099	-131.958
  1100	-132.161
  1101	-132.387
  1102	-132.609
  1103	-132.805
  1104	-132.953
  1105	-133.041
  1106	-133.062
  1107	-133.013
  1108	-132.894
  1109	-132.705
  1110	-132.444
  1111	-132.114
  1112	-131.726
  1113	-131.299
  1114	-130.862
  1115	-130.452
  1116	-130.105
  1117	-129.848
  1118	-129.697
  1119	-129.645
  1120	-129.677
  1121	-129.763
  1122	-129.868
  1123	-129.96
  1124	-130.008
  1125	-129.993
  1126	-129.906
  1127	-129.751
  1128	-129.542
  1129	-129.298
  1130	-129.035
  1131	-128.764
  1132	-128.482
  1133	-128.181
  1134	-127.849
  1135	-127.483
  1136	-127.094
  1137	-126.712
  1138	-126.377
  1139	-126.13
  1140	-125.999
  1141	-125.993
  1142	-126.096
  1143	-126.273
  1144	-126.485
  1145	-126.693
  1146	-126.874
  1147	-127.021
  1148	-127.145
  1149	-127.267
  1150	-127.415
  1151	-127.613
  1152	-127.872
  1153	-128.189
  1154	-128.544
  1155	-128.906
  1156	-129.242
  1157	-129.531
  1158	-129.767
  1159	-129.962
  1160	-130.144
  1161	-130.347
  1162	-130.601
  1163	-130.92
  1164	-131.292
  1165	-131.686
  1166	-132.049
  1167	-132.328
  1168	-132.474
  1169	-132.461
  1170	-132.287
  1171	-131.971
  1172	-131.551
  1173	-131.074
  1174	-130.577
  1175	-130.082
  1176	-129.591
  1177	-129.086
  1178	-128.543
  1179	-127.944
  1180	-127.284
  1181	-126.583
  1182	-125.878
  1183	-125.225
  1184	-124.678
  1185	-124.279
  1186	-124.045
  1187	-123.968
  1188	-124.018
  1189	-124.153
  1190	-124.331
  1191	-124.52
  1192	-124.703
  1193	-124.878
  1194	-125.06
  1195	-125.275
  1196	-125.547
  1197	-125.896
  1198	-126.321
  1199	-126.806
  1200	-127.32
  1201	-127.822
  1202	-128.277
  1203	-128.657
  1204	-128.951
  1205	-129.157
  1206	-129.288
  1207	-129.355
  1208	-129.37
  1209	-129.336
  1210	-129.246
  1211	-129.086
  1212	-128.838
  1213	-128.482
  1214	-128.007
  1215	-127.413
  1216	-126.712
  1217	-125.935
  1218	-125.118
  1219	-124.306
  1220	-123.534
  1221	-122.822
  1222	-122.177
  1223	-121.586
  1224	-121.028
  1225	-120.486
  1226	-119.953
  1227	-119.436
  1228	-118.96
  1229	-118.551
  1230	-118.236
  1231	-118.026
  1232	-117.914
  1233	-117.876
  1234	-117.883
  1235	-117.906
  1236	-117.932
  1237	-117.962
  1238	-118.019
  1239	-118.138
  1240	-118.359
  1241	-118.715
  1242	-119.222
  1243	-119.868
  1244	-120.614
  1245	-121.398
  1246	-122.152
  1247	-122.807
  1248	-123.316
  1249	-123.654
  1250	-123.828
  1251	-123.866
  1252	-123.81
  1253	-123.698
  1254	-123.552
  1255	-123.371
  1256	-123.141
  1257	-122.844
  1258	-122.471
  1259	-122.034
  1260	-121.565
  1261	-121.11
  1262	-120.72
  1263	-120.436
  1264	-120.28
  1265	-120.252
  1266	-120.327
  1267	-120.462
  1268	-120.603
  1269	-120.693
  1270	-120.682
  1271	-120.537
  1272	-120.242
  1273	-119.806
  1274	-119.255
  1275	-118.625
  1276	-117.956
  1277	-117.279
  1278	-116.613
  1279	-115.969
  1280	-115.351
  1281	-114.767
  1282	-114.236
  1283	-113.788
  1284	-113.465
  1285	-113.313
  1286	-113.371
  1287	-113.665
  1288	-114.197
  1289	-114.944
  1290	-115.856
  1291	-116.866
  1292	-117.9
  1293	-118.89
  1294	-119.788
  1295	-120.567
  1296	-121.227
  1297	-121.782
  1298	-122.253
  1299	-122.654
  1300	-122.981
  1301	-123.204
  1302	-123.278
  1303	-123.145
  1304	-122.757
  1305	-122.084
  1306	-121.128
  1307	-119.918
  1308	-118.511
  1309	-116.981
  1310	-115.405
  1311	-113.854
  1312	-112.376
  1313	-110.989
  1314	-109.68
  1315	-108.424
  1316	-107.204
  1317	-106.028
  1318	-104.938
  1319	-104.013
  1320	-103.348
  1321	-103.026
  1322	-103.088
  1323	-103.513
  1324	-104.223
  1325	-105.104
  1326	-106.039
  1327	-106.931
  1328	-107.723
  1329	-108.396
  1330	-108.96
  1331	-109.442
  1332	-109.867
  1333	-110.246
  1334	-110.564
  1335	-110.786
  1336	-110.862
  1337	-110.741
  1338	-110.388
  1339	-109.794
  1340	-108.983
  1341	-108.014
  1342	-106.967
  1343	-105.924
  1344	-104.952
  1345	-104.081
  1346	-103.308
  1347	-102.596
  1348	-101.899
  1349	-101.178
  1350	-100.409
  1351	-99.5945
  1352	-98.757
  1353	-97.9371
  1354	-97.1831
  1355	-96.5416
  1356	-96.0496
  1357	-95.7283
  1358	-95.581
  1359	-95.5938
  1360	-95.741
  1361	-95.9949
  1362	-96.335
  1363	-96.756
  1364	-97.2684
  1365	-97.8899
  1366	-98.6308
  1367	-99.4787
  1368	-100.394
  1369	-101.312
  1370	-102.153
  1371	-102.842
  1372	-103.326
  1373	-103.578
  1374	-103.602
  1375	-103.419
  1376	-103.065
  1377	-102.577
  1378	-101.997
  1379	-101.363
  1380	-100.713
  1381	-100.077
  1382	-99.4742
  1383	-98.9155
  1384	-98.4035
  1385	-97.9375
  1386	-97.521
  1387	-97.1674
  1388	-96.8992
  1389	-96.7425
  1390	-96.7165
  1391	-96.8203
  1392	-97.0261
  1393	-97.2825
  1394	-97.5282
  1395	-97.709
  1396	-97.7937
  1397	-97.7794
  1398	-97.6878
  1399	-97.5522
  1400	-97.4054
  1401	-97.2726
  1402	-97.1707
  1403	-97.1137
  1404	-97.1162
  1405	-97.1937
  1406	-97.3571
  1407	-97.6038
  1408	-97.9133
  1409	-98.2472
  1410	-98.5552
  1411	-98.7867
  1412	-98.8989
  1413	-98.8619
  1414	-98.6585
  1415	-98.2786
  1416	-97.7161
  1417	-96.9691
  1418	-96.0463
  1419	-94.9713
  1420	-93.7808
  1421	-92.5188
  1422	-91.2267
  1423	-89.9377
  1424	-88.6787
  1425	-87.4772
  1426	-86.3744
  1427	-85.4292
  1428	-84.7151
  1429	-84.3025
  1430	-84.2347
  1431	-84.5116
  1432	-85.0864
  1433	-85.8808
  1434	-86.8075
  1435	-87.7938
  1436	-88.7934
  1437	-89.7874
  1438	-90.7719
  1439	-91.744
  1440	-92.6904
  1441	-93.5844
  1442	-94.3904
  1443	-95.0683
  1444	-95.5802
  1445	-95.8981
  1446	-96.0023
  1447	-95.8817
  1448	-95.5321
  1449	-94.9568
  1450	-94.1682
  1451	-93.186
  1452	-92.0365
  1453	-90.7459
  1454	-89.3363
  1455	-87.8305
  1456	-86.2548
  1457	-84.6458
  1458	-83.0573
  1459	-81.5618
  1460	-80.2405
  1461	-79.1696
  1462	-78.4017
  1463	-77.957
  1464	-77.8239
  1465	-77.9684
  1466	-78.3481
  1467	-78.9242
  1468	-79.6665
  1469	-80.5527
  1470	-81.5657
  1471	-82.6852
  1472	-83.8819
  1473	-85.1131
  1474	-86.3269
  1475	-87.4678
  1476	-88.486
  1477	-89.3425
  1478	-90.0158
  1479	-90.5014
  1480	-90.8057
  1481	-90.9434
  1482	-90.9328
  1483	-90.7925
  1484	-90.5394
  1485	-90.1873
  1486	-89.7451
  1487	-89.2188
  1488	-88.6108
  1489	-87.9227
  1490	-87.1578
  1491	-86.3223
  1492	-85.4271
  1493	-84.486
  1494	-83.5146
  1495	-82.531
  1496	-81.5533
  1497	-80.5961
  1498	-79.6692
  1499	-78.7767
  1500	-77.9192
  1501	-77.1023
  1502	-76.3464
  1503	-75.6922
  1504	-75.1992
  1505	-74.934
  1506	-74.9501
  1507	-75.2694
  1508	-75.8713
  1509	-76.6983
  1510	-77.6701
  1511	-78.7065
  1512	-79.745
  1513	-80.7502
  1514	-81.714
  1515	-82.6504
  1516	-83.5824
  1517	-84.5273
  1518	-85.4825
  1519	-86.4173
  1520	-87.2734
  1521	-87.9766
  1522	-88.4542
  1523	-88.6518
  1524	-88.5459
  1525	-88.1492
  1526	-87.513
  1527	-86.7214
  1528	-85.8777
  1529	-85.0814
  1530	-84.4035
  1531	-83.8716
  1532	-83.4724
  1533	-83.1664
  1534	-82.912
  1535	-82.6905
  1536	-82.5188
  1537	-82.4494
  1538	-82.554
  1539	-82.897
  1540	-83.5083
  1541	-84.3657
  1542	-85.3954
  1543	-86.4935
  1544	-87.5523
  1545	-88.4835
  1546	-89.2319
  1547	-89.7773
  1548	-90.1327
  1549	-90.3364
  1550	-90.4371
  1551	-90.4843
  1552	-90.517
  1553	-90.555
  1554	-90.594
  1555	-90.6059
  1556	-90.5465
  1557	-90.3679
  1558	-90.0344
  1559	-89.5365
  1560	-88.8984
  1561	-88.1712
  1562	-87.4201
  1563	-86.7072
  1564	-86.076
  1565	-85.5439
  1566	-85.1041
  1567	-84.7334
  1568	-84.4017
  1569	-84.0819
  1570	-83.758
  1571	-83.4297
  1572	-83.1126
  1573	-82.8373
  1574	-82.6428
  1575	-82.5662
  1576	-82.6336
  1577	-82.8515
  1578	-83.2015
  1579	-83.6439
  1580	-84.1257
  1581	-84.5953
  1582	-85.0138
  1583	-85.3632
  1584	-85.6484
  1585	-85.8912
  1586	-86.1202
  1587	-86.358
  1588	-86.6102
  1589	-86.8592
  1590	-87.0677
  1591	-87.1881
  1592	-87.1762
  1593	-87.0039
  1594	-86.6681
  1595	-86.1937
  1596	-85.6299
  1597	-85.0386
  1598	-84.4816
  1599	-84.0071
  1600	-83.6347
  1601	-83.3542
  1602	-83.1339
  1603	-82.9339
  1604	-82.7216
  1605	-82.4852
  1606	-82.2406
  1607	-82.0303
  1608	-81.9127
  1609	-81.9475
  1610	-82.1765
  1611	-82.6113
  1612	-83.2299
  1613	-83.9825
  1614	-84.8067
  1615	-85.6426
  1616	-86.4453
  1617	-87.1893
  1618	-87.8669
  1619	-88.4806
  1620	-89.0361
  1621	-89.534
  1622	-89.9644
  1623	-90.3083
  1624	-90.5395
  1625	-90.6301
  1626	-90.5569
  1627	-90.3099
  1628	-89.8951
  1629	-89.338
  1630	-88.6826
  1631	-87.9859
  1632	-87.3092
  1633	-86.7092
  1634	-86.2297
  1635	-85.8963
  1636	-85.7155
  1637	-85.6783
  1638	-85.7669
  1639	-85.9612
  1640	-86.2461
  1641	-86.6143
  1642	-87.064
  1643	-87.5938
  1644	-88.1953
  1645	-88.8465
  1646	-89.5115
  1647	-90.145
  1648	-90.702
  1649	-91.1513
  1650	-91.4866
  1651	-91.7311
  1652	-91.9351
  1653	-92.1648
  1654	-92.4856
  1655	-92.9451
  1656	-93.5588
  1657	-94.305
  1658	-95.1337
  1659	-95.9804
  1660	-96.7812
  1661	-97.4907
  1662	-98.0907
  1663	-98.5925
  1664	-99.0287
  1665	-99.4403
  1666	-99.8584
  1667	-100.29
  1668	-100.709
  1669	-101.067
  1670	-101.303
  1671	-101.367
  1672	-101.236
  1673	-100.928
  1674	-100.5
  1675	-100.048
  1676	-99.6812
  1677	-99.4974
  1678	-99.558
  1679	-99.8724
  1680	-100.401
  1681	-101.07
  1682	-101.798
  1683	-102.515
  1684	-103.182
  1685	-103.798
  1686	-104.394
  1687	-105.012
  1688	-105.684
  1689	-106.415
  1690	-107.17
  1691	-107.888
  1692	-108.496
  1693	-108.934
  1694	-109.163
  1695	-109.175
  1696	-108.995
  1697	-108.672
  1698	-108.283
  1699	-107.91
  1700	-107.625
  1701	-107.472
  1702	-107.454
  1703	-107.538
  1704	-107.663
  1705	-107.762
  1706	-107.779
  1707	-107.683
  1708	-107.477
  1709	-107.187
  1710	-106.857
  1711	-106.533
  1712	-106.243
  1713	-105.996
  1714	-105.77
  1715	-105.531
  1716	-105.24
  1717	-104.865
  1718	-104.397
  1719	-103.853
  1720	-103.28
  1721	-102.748
  1722	-102.331
  1723	-102.094
  1724	-102.069
  1725	-102.244
  1726	-102.567
  1727	-102.964
  1728	-103.362
  1729	-103.705
  1730	-103.971
  1731	-104.172
  1732	-104.346
  1733	-104.545
  1734	-104.814
  1735	-105.174
  1736	-105.614
  1737	-106.089
  1738	-106.527
  1739	-106.85
  1740	-106.995
  1741	-106.927
  1742	-106.65
  1743	-106.21
  1744	-105.682
  1745	-105.157
  1746	-104.717
  1747	-104.409
  1748	-104.241
  1749	-104.183
  1750	-104.186
  1751	-104.21
  1752	-104.238
  1753	-104.291
  1754	-104.419
  1755	-104.692
  1756	-105.171
  1757	-105.888
  1758	-106.827
  1759	-107.931
  1760	-109.107
  1761	-110.256
  1762	-111.295
  1763	-112.171
  1764	-112.865
  1765	-113.392
  1766	-113.789
  1767	-114.099
  1768	-114.353
  1769	-114.558
  1770	-114.691
  1771	-114.708
  1772	-114.557
  1773	-114.188
  1774	-113.573
  1775	-112.708
  1776	-111.626
  1777	-110.389
  1778	-109.079
  1779	-107.785
  1780	-106.578
  1781	-105.494
  1782	-104.536
  1783	-103.667
  1784	-102.835
  1785	-101.993
  1786	-101.113
  1787	-100.201
  1788	-99.2912
  1789	-98.4383
  1790	-97.7037
  1791	-97.138
  1792	-96.767
  1793	-96.5867
  1794	-96.5655
  1795	-96.6547
  1796	-96.8017
  1797	-96.9642
  1798	-97.1206
  1799	-97.2759
  1800	-97.4581
  1801	-97.7073
  1802	-98.0613
  1803	-98.536
  1804	-99.1141
  1805	-99.7453
  1806	-100.354
  1807	-100.859
  1808	-101.188
  1809	-101.294
  1810	-101.168
  1811	-100.836
  1812	-100.348
  1813	-99.7737
  1814	-99.176
  1815	-98.5987
  1816	-98.055
  1817	-97.5294
  1818	-96.9863
  1819	-96.3856
  1820	-95.7017
  1821	-94.933
  1822	-94.1046
  1823	-93.2706
  1824	-92.5029
  1825	-91.8684
  1826	-91.4117
  1827	-91.1397
  1828	-91.018
  1829	-90.981
  1830	-90.9502
  1831	-90.8567
  1832	-90.6591
  1833	-90.3527
  1834	-89.9698
  1835	-89.5718
  1836	-89.2319
  1837	-89.012
  1838	-88.9419
  1839	-89.008
  1840	-89.1562
  1841	-89.3086
  1842	-89.3852
  1843	-89.3264
  1844	-89.1064
  1845	-88.7399
  1846	-88.2795
  1847	-87.8049
  1848	-87.4017
  1849	-87.1365
  1850	-87.0372
  1851	-87.0847
  1852	-87.2206
  1853	-87.3664
  1854	-87.4488
  1855	-87.4212
  1856	-87.2786
  1857	-87.0601
  1858	-86.8401
  1859	-86.7049
  1860	-86.723
  1861	-86.9195
  1862	-87.2633
  1863	-87.6754
  1864	-88.0519
  1865	-88.293
  1866	-88.328
  1867	-88.1308
  1868	-87.7238
  1869	-87.173
  1870	-86.5718
  1871	-86.0183
  1872	-85.5919
  1873	-85.3331
  1874	-85.2349
  1875	-85.2493
  1876	-85.3054
  1877	-85.3329
  1878	-85.286
  1879	-85.1573
  1880	-84.9811
  1881	-84.8218
  1882	-84.7527
  1883	-84.8288
  1884	-85.0649
  1885	-85.4264
  1886	-85.8381
  1887	-86.2052
  1888	-86.4396
  1889	-86.481
  1890	-86.3117
  1891	-85.9587
  1892	-85.4871
  1893	-84.9895
  1894	-84.5667
  1895	-84.304
  1896	-84.2527
  1897	-84.4176
  1898	-84.7584
  1899	-85.2028
  1900	-85.6679
  1901	-86.0846
  1902	-86.415
  1903	-86.6615
  1904	-86.8645
  1905	-87.0881
  1906	-87.397
  1907	-87.8309
  1908	-88.3867
  1909	-89.0146
  1910	-89.6329
  1911	-90.1515
  1912	-90.5001
  1913	-90.6465
  1914	-90.6052
  1915	-90.4377
  1916	-90.2357
  1917	-90.0965
  1918	-90.0958
  1919	-90.2658
  1920	-90.5857
  1921	-90.9912
  1922	-91.3964
  1923	-91.7208
  1924	-91.9112
  1925	-91.9545
  1926	-91.8816
  1927	-91.7613
  1928	-91.684
  1929	-91.7374
  1930	-91.98
  1931	-92.4224
  1932	-93.0238
  1933	-93.7047
  1934	-94.3727
  1935	-94.9501
  1936	-95.3942
  1937	-95.7048
  1938	-95.9204
  1939	-96.102
  1940	-96.3085
  1941	-96.5724
  1942	-96.8838
  1943	-97.1904
  1944	-97.4111
  1945	-97.4577
  1946	-97.2572
  1947	-96.7705
  1948	-96.0021
  1949	-95.0034
  1950	-93.8653
  1951	-92.7014
  1952	-91.6227
  1953	-90.7114
  1954	-90.0044
  1955	-89.4909
  1956	-89.1264
  1957	-88.8555
  1958	-88.6364
  1959	-88.4568
  1960	-88.3383
  1961	-88.3291
  1962	-88.4857
  1963	-88.851
  1964	-89.4337
  1965	-90.1977
  1966	-91.0664
  1967	-91.9385
  1968	-92.7138
  1969	-93.3172
  1970	-93.7112
  1971	-93.905
  1972	-93.9531
  1973	-93.9428
  1974	-93.9737
  1975	-94.1309
  1976	-94.4612
  1977	-94.9598
  1978	-95.5732
  1979	-96.2188
  1980	-96.811
  1981	-97.2851
  1982	-97.612
  1983	-97.8007
  1984	-97.8909
  1985	-97.9422
  1986	-98.014
  1987	-98.1494
  1988	-98.3613
  1989	-98.629
  1990	-98.9069
  1991	-99.1405
  1992	-99.2871
  1993	-99.3332
  1994	-99.3057
  1995	-99.2747
  1996	-99.3419
  1997	-99.616
  1998	-100.179
  1999	-101.053
  2000	-102.193
  2001	-103.496
