     1	113.504
     2	113.518
     3	113.477
     4	113.389
     5	113.264
     6	113.104
     7	112.91
     8	112.678
     9	112.405
    10	112.091
    11	111.742
    12	111.373
    13	111.012
    14	110.691
    15	110.437
    16	110.271
    17	110.2
    18	110.221
    19	110.327
    20	110.513
    21	110.774
    22	111.115
    23	111.541
    24	112.052
    25	112.643
    26	113.302
    27	114.007
    28	114.731
    29	115.443
    30	116.12
    31	116.741
    32	117.291
    33	117.756
    34	118.119
    35	118.363
    36	118.472
    37	118.432
    38	118.234
    39	117.881
    40	117.391
    41	116.793
    42	116.126
    43	115.438
    44	114.778
    45	114.186
    46	113.688
    47	113.296
    48	113.009
    49	112.82
    50	112.718
    51	112.694
    52	112.743
    53	112.867
    54	113.07
    55	113.352
    56	113.706
    57	114.114
    58	114.544
    59	114.959
    60	115.325
    61	115.615
    62	115.821
    63	115.942
    64	115.991
    65	115.987
    66	115.948
    67	115.889
    68	115.821
    69	115.744
    70	115.656
    71	115.549
    72	115.416
    73	115.247
    74	115.032
    75	114.766
    76	114.445
    77	114.067
    78	113.637
    79	113.167
    80	112.666
    81	112.146
    82	111.615
    83	111.08
    84	110.544
    85	110.01
    86	109.482
    87	108.965
    88	108.47
    89	108.01
    90	107.603
    91	107.264
    92	107.004
    93	106.826
    94	106.724
    95	106.68
    96	106.671
    97	106.67
    98	106.659
    99	106.627
   100	106.572
   101	106.504
   102	106.436
   103	106.381
   104	106.348
   105	106.334
   106	106.327
   107	106.311
   108	106.264
   109	106.171
   110	106.021
   111	105.815
   112	105.559
   113	105.266
   114	104.951
   115	104.628
   116	104.303
   117	103.982
   118	103.666
   119	103.357
   120	103.061
   121	102.79
   122	102.56
   123	102.388
   124	102.292
   125	102.283
   126	102.361
   127	102.519
   128	102.743
   129	103.011
   130	103.301
   131	103.595
   132	103.876
   133	104.128
   134	104.338
   135	104.495
   136	104.589
   137	104.613
   138	104.568
   139	104.461
   140	104.308
   141	104.134
   142	103.97
   143	103.847
   144	103.793
   145	103.829
   146	103.967
   147	104.212
   148	104.561
   149	105.004
   150	105.523
   151	106.097
   152	106.705
   153	107.321
   154	107.918
   155	108.474
   156	108.97
   157	109.389
   158	109.718
   159	109.944
   160	110.058
   161	110.054
   162	109.93
   163	109.686
   164	109.33
   165	108.873
   166	108.336
   167	107.747
   168	107.142
   169	106.559
   170	106.034
   171	105.593
   172	105.246
   173	104.988
   174	104.802
   175	104.663
   176	104.55
   177	104.453
   178	104.372
   179	104.319
   180	104.311
   181	104.355
   182	104.449
   183	104.571
   184	104.689
   185	104.766
   186	104.775
   187	104.703
   188	104.559
   189	104.373
   190	104.186
   191	104.039
   192	103.965
   193	103.977
   194	104.072
   195	104.228
   196	104.418
   197	104.619
   198	104.817
   199	105.012
   200	105.218
   201	105.458
   202	105.755
   203	106.124
   204	106.564
   205	107.06
   206	107.582
   207	108.09
   208	108.542
   209	108.901
   210	109.137
   211	109.23
   212	109.17
   213	108.957
   214	108.604
   215	108.133
   216	107.581
   217	106.988
   218	106.401
   219	105.863
   220	105.409
   221	105.058
   222	104.818
   223	104.688
   224	104.671
   225	104.77
   226	105
   227	105.376
   228	105.911
   229	106.603
   230	107.426
   231	108.334
   232	109.262
   233	110.139
   234	110.898
   235	111.499
   236	111.926
   237	112.192
   238	112.329
   239	112.381
   240	112.387
   241	112.372
   242	112.34
   243	112.278
   244	112.163
   245	111.976
   246	111.709
   247	111.378
   248	111.011
   249	110.646
   250	110.314
   251	110.033
   252	109.797
   253	109.582
   254	109.353
   255	109.077
   256	108.736
   257	108.334
   258	107.899
   259	107.481
   260	107.134
   261	106.9
   262	106.799
   263	106.825
   264	106.947
   265	107.126
   266	107.33
   267	107.551
   268	107.804
   269	108.125
   270	108.556
   271	109.125
   272	109.833
   273	110.65
   274	111.523
   275	112.388
   276	113.19
   277	113.896
   278	114.5
   279	115.025
   280	115.513
   281	116.012
   282	116.564
   283	117.184
   284	117.863
   285	118.564
   286	119.239
   287	119.843
   288	120.346
   289	120.741
   290	121.044
   291	121.286
   292	121.501
   293	121.717
   294	121.942
   295	122.164
   296	122.356
   297	122.48
   298	122.498
   299	122.384
   300	122.129
   301	121.744
   302	121.257
   303	120.704
   304	120.129
   305	119.565
   306	119.033
   307	118.538
   308	118.074
   309	117.626
   310	117.174
   311	116.693
   312	116.167
   313	115.588
   314	114.967
   315	114.331
   316	113.725
   317	113.194
   318	112.772
   319	112.471
   320	112.27
   321	112.122
   322	111.967
   323	111.752
   324	111.448
   325	111.058
   326	110.614
   327	110.172
   328	109.786
   329	109.495
   330	109.307
   331	109.194
   332	109.103
   333	108.968
   334	108.732
   335	108.361
   336	107.86
   337	107.272
   338	106.67
   339	106.142
   340	105.755
   341	105.534
   342	105.453
   343	105.448
   344	105.434
   345	105.347
   346	105.163
   347	104.914
   348	104.682
   349	104.569
   350	104.669
   351	105.027
   352	105.628
   353	106.394
   354	107.216
   355	107.991
   356	108.651
   357	109.182
   358	109.62
   359	110.031
   360	110.492
   361	111.058
   362	111.747
   363	112.531
   364	113.345
   365	114.109
   366	114.749
   367	115.223
   368	115.521
   369	115.672
   370	115.733
   371	115.775
   372	115.861
   373	116.033
   374	116.3
   375	116.639
   376	117.009
   377	117.371
   378	117.7
   379	117.996
   380	118.281
   381	118.588
   382	118.948
   383	119.374
   384	119.855
   385	120.357
   386	120.831
   387	121.226
   388	121.499
   389	121.616
   390	121.559
   391	121.319
   392	120.894
   393	120.295
   394	119.539
   395	118.66
   396	117.697
   397	116.693
   398	115.683
   399	114.691
   400	113.728
   401	112.799
   402	111.909
   403	111.07
   404	110.311
   405	109.665
   406	109.171
   407	108.862
   408	108.757
   409	108.858
   410	109.145
   411	109.578
   412	110.111
   413	110.697
   414	111.296
   415	111.892
   416	112.491
   417	113.123
   418	113.828
   419	114.642
   420	115.574
   421	116.601
   422	117.666
   423	118.688
   424	119.587
   425	120.305
   426	120.82
   427	121.147
   428	121.331
   429	121.427
   430	121.481
   431	121.511
   432	121.496
   433	121.392
   434	121.144
   435	120.713
   436	120.093
   437	119.323
   438	118.485
   439	117.693
   440	117.068
   441	116.709
   442	116.667
   443	116.93
   444	117.434
   445	118.079
   446	118.766
   447	119.422
   448	120.015
   449	120.55
   450	121.057
   451	121.571
   452	122.115
   453	122.685
   454	123.261
   455	123.804
   456	124.28
   457	124.665
   458	124.949
   459	125.133
   460	125.222
   461	125.214
   462	125.097
   463	124.855
   464	124.471
   465	123.939
   466	123.261
   467	122.453
   468	121.533
   469	120.515
   470	119.414
   471	118.241
   472	117.007
   473	115.725
   474	114.419
   475	113.124
   476	111.889
   477	110.774
   478	109.841
   479	109.14
   480	108.702
   481	108.524
   482	108.578
   483	108.814
   484	109.178
   485	109.627
   486	110.139
   487	110.714
   488	111.374
   489	112.139
   490	113.017
   491	113.987
   492	115.002
   493	115.997
   494	116.91
   495	117.701
   496	118.363
   497	118.923
   498	119.431
   499	119.936
   500	120.468
   501	121.025
   502	121.569
   503	122.042
   504	122.383
   505	122.546
   506	122.511
   507	122.288
   508	121.913
   509	121.444
   510	120.948
   511	120.489
   512	120.109
   513	119.825
   514	119.624
   515	119.48
   516	119.364
   517	119.269
   518	119.213
   519	119.248
   520	119.438
   521	119.842
   522	120.488
   523	121.359
   524	122.392
   525	123.497
   526	124.575
   527	125.549
   528	126.369
   529	127.016
   530	127.498
   531	127.836
   532	128.059
   533	128.194
   534	128.259
   535	128.268
   536	128.231
   537	128.156
   538	128.048
   539	127.915
   540	127.761
   541	127.588
   542	127.401
   543	127.203
   544	127.001
   545	126.802
   546	126.612
   547	126.433
   548	126.256
   549	126.07
   550	125.857
   551	125.602
   552	125.296
   553	124.945
   554	124.57
   555	124.207
   556	123.907
   557	123.722
   558	123.701
   559	123.868
   560	124.222
   561	124.728
   562	125.333
   563	125.966
   564	126.568
   565	127.097
   566	127.544
   567	127.927
   568	128.279
   569	128.633
   570	129.002
   571	129.368
   572	129.685
   573	129.895
   574	129.948
   575	129.821
   576	129.532
   577	129.14
   578	128.732
   579	128.404
   580	128.23
   581	128.243
   582	128.43
   583	128.737
   584	129.097
   585	129.446
   586	129.748
   587	130.001
   588	130.233
   589	130.495
   590	130.841
   591	131.308
   592	131.907
   593	132.613
   594	133.378
   595	134.144
   596	134.868
   597	135.527
   598	136.129
   599	136.697
   600	137.263
   601	137.846
   602	138.44
   603	139.015
   604	139.529
   605	139.934
   606	140.196
   607	140.303
   608	140.261
   609	140.095
   610	139.841
   611	139.535
   612	139.206
   613	138.875
   614	138.549
   615	138.234
   616	137.933
   617	137.658
   618	137.425
   619	137.256
   620	137.168
   621	137.173
   622	137.27
   623	137.445
   624	137.673
   625	137.926
   626	138.179
   627	138.412
   628	138.614
   629	138.783
   630	138.917
   631	139.01
   632	139.055
   633	139.043
   634	138.965
   635	138.825
   636	138.643
   637	138.45
   638	138.286
   639	138.184
   640	138.156
   641	138.189
   642	138.243
   643	138.266
   644	138.211
   645	138.051
   646	137.787
   647	137.446
   648	137.07
   649	136.701
   650	136.37
   651	136.078
   652	135.804
   653	135.51
   654	135.16
   655	134.732
   656	134.233
   657	133.698
   658	133.183
   659	132.755
   660	132.467
   661	132.345
   662	132.378
   663	132.517
   664	132.693
   665	132.835
   666	132.888
   667	132.828
   668	132.662
   669	132.426
   670	132.17
   671	131.938
   672	131.757
   673	131.627
   674	131.525
   675	131.417
   676	131.278
   677	131.097
   678	130.889
   679	130.68
   680	130.499
   681	130.362
   682	130.26
   683	130.162
   684	130.027
   685	129.812
   686	129.488
   687	129.043
   688	128.483
   689	127.828
   690	127.101
   691	126.324
   692	125.517
   693	124.697
   694	123.882
   695	123.093
   696	122.355
   697	121.698
   698	121.153
   699	120.742
   700	120.481
   701	120.37
   702	120.394
   703	120.529
   704	120.747
   705	121.024
   706	121.348
   707	121.723
   708	122.161
   709	122.674
   710	123.269
   711	123.935
   712	124.644
   713	125.353
   714	126.014
   715	126.586
   716	127.045
   717	127.387
   718	127.62
   719	127.762
   720	127.827
   721	127.817
   722	127.717
   723	127.507
   724	127.164
   725	126.674
   726	126.042
   727	125.29
   728	124.457
   729	123.591
   730	122.737
   731	121.93
   732	121.186
   733	120.508
   734	119.894
   735	119.342
   736	118.867
   737	118.5
   738	118.285
   739	118.271
   740	118.488
   741	118.933
   742	119.573
   743	120.339
   744	121.156
   745	121.956
   746	122.699
   747	123.375
   748	124.003
   749	124.614
   750	125.231
   751	125.861
   752	126.483
   753	127.059
   754	127.543
   755	127.899
   756	128.11
   757	128.185
   758	128.155
   759	128.065
   760	127.956
   761	127.854
   762	127.762
   763	127.656
   764	127.5
   765	127.255
   766	126.899
   767	126.437
   768	125.907
   769	125.373
   770	124.91
   771	124.58
   772	124.42
   773	124.429
   774	124.581
   775	124.831
   776	125.141
   777	125.488
   778	125.871
   779	126.299
   780	126.784
   781	127.324
   782	127.9
   783	128.473
   784	128.994
   785	129.412
   786	129.693
   787	129.818
   788	129.795
   789	129.647
   790	129.412
   791	129.129
   792	128.836
   793	128.558
   794	128.31
   795	128.101
   796	127.933
   797	127.81
   798	127.74
   799	127.728
   800	127.78
   801	127.887
   802	128.035
   803	128.193
   804	128.33
   805	128.411
   806	128.408
   807	128.303
   808	128.085
   809	127.752
   810	127.303
   811	126.737
   812	126.052
   813	125.25
   814	124.342
   815	123.353
   816	122.326
   817	121.319
   818	120.394
   819	119.603
   820	118.97
   821	118.494
   822	118.148
   823	117.893
   824	117.692
   825	117.524
   826	117.39
   827	117.305
   828	117.289
   829	117.353
   830	117.491
   831	117.674
   832	117.861
   833	118.009
   834	118.089
   835	118.1
   836	118.07
   837	118.052
   838	118.12
   839	118.34
   840	118.756
   841	119.376
   842	120.17
   843	121.079
   844	122.034
   845	122.979
   846	123.883
   847	124.743
   848	125.581
   849	126.426
   850	127.3
   851	128.199
   852	129.095
   853	129.943
   854	130.689
   855	131.291
   856	131.724
   857	131.988
   858	132.103
   859	132.1
   860	132.015
   861	131.874
   862	131.693
   863	131.474
   864	131.214
   865	130.908
   866	130.563
   867	130.193
   868	129.825
   869	129.491
   870	129.22
   871	129.032
   872	128.938
   873	128.938
   874	129.031
   875	129.218
   876	129.502
   877	129.889
   878	130.383
   879	130.977
   880	131.654
   881	132.382
   882	133.125
   883	133.843
   884	134.507
   885	135.1
   886	135.623
   887	136.086
   888	136.502
   889	136.88
   890	137.212
   891	137.479
   892	137.657
   893	137.723
   894	137.673
   895	137.524
   896	137.316
   897	137.102
   898	136.934
   899	136.849
   900	136.855
   901	136.93
   902	137.034
   903	137.122
   904	137.165
   905	137.158
   906	137.124
   907	137.107
   908	137.159
   909	137.321
   910	137.602
   911	137.982
   912	138.411
   913	138.829
   914	139.184
   915	139.453
   916	139.646
   917	139.803
   918	139.982
   919	140.237
   920	140.598
   921	141.056
   922	141.564
   923	142.056
   924	142.461
   925	142.731
   926	142.848
   927	142.833
   928	142.732
   929	142.606
   930	142.507
   931	142.466
   932	142.48
   933	142.518
   934	142.536
   935	142.493
   936	142.368
   937	142.167
   938	141.921
   939	141.676
   940	141.48
   941	141.367
   942	141.353
   943	141.43
   944	141.569
   945	141.737
   946	141.9
   947	142.04
   948	142.148
   949	142.226
   950	142.282
   951	142.326
   952	142.363
   953	142.398
   954	142.429
   955	142.451
   956	142.455
   957	142.426
   958	142.349
   959	142.204
   960	141.973
   961	141.638
   962	141.192
   963	140.632
   964	139.974
   965	139.246
   966	138.49
   967	137.751
   968	137.067
   969	136.459
   970	135.928
   971	135.454
   972	135.008
   973	134.563
   974	134.105
   975	133.645
   976	133.208
   977	132.833
   978	132.552
   979	132.379
   980	132.309
   981	132.316
   982	132.368
   983	132.437
   984	132.513
   985	132.605
   986	132.737
   987	132.942
   988	133.248
   989	133.669
   990	134.199
   991	134.814
   992	135.479
   993	136.159
   994	136.832
   995	137.493
   996	138.158
   997	138.854
   998	139.607
   999	140.419
  1000	141.272
  1001	142.115
  1002	142.883
  1003	143.51
  1004	143.95
  1005	144.193
  1006	144.263
  1007	144.216
  1008	144.119
  1009	144.027
  1010	143.971
  1011	143.946
  1012	143.92
  1013	143.851
  1014	143.704
  1015	143.468
  1016	143.166
  1017	142.85
  1018	142.593
  1019	142.465
  1020	142.52
  1021	142.772
  1022	143.201
  1023	143.756
  1024	144.373
  1025	144.996
  1026	145.586
  1027	146.125
  1028	146.618
  1029	147.08
  1030	147.525
  1031	147.96
  1032	148.377
  1033	148.752
  1034	149.053
  1035	149.249
  1036	149.319
  1037	149.261
  1038	149.088
  1039	148.827
  1040	148.506
  1041	148.149
  1042	147.774
  1043	147.387
  1044	146.995
  1045	146.604
  1046	146.233
  1047	145.902
  1048	145.632
  1049	145.439
  1050	145.324
  1051	145.28
  1052	145.294
  1053	145.356
  1054	145.465
  1055	145.627
  1056	145.847
  1057	146.127
  1058	146.457
  1059	146.812
  1060	147.163
  1061	147.475
  1062	147.723
  1063	147.894
  1064	147.994
  1065	148.043
  1066	148.08
  1067	148.15
  1068	148.29
  1069	148.52
  1070	148.826
  1071	149.166
  1072	149.478
  1073	149.7
  1074	149.789
  1075	149.734
  1076	149.56
  1077	149.322
  1078	149.086
  1079	148.903
  1080	148.791
  1081	148.729
  1082	148.662
  1083	148.522
  1084	148.253
  1085	147.828
  1086	147.258
  1087	146.593
  1088	145.909
  1089	145.29
  1090	144.804
  1091	144.487
  1092	144.328
  1093	144.278
  1094	144.269
  1095	144.234
  1096	144.126
  1097	143.934
  1098	143.681
  1099	143.421
  1100	143.217
  1101	143.123
  1102	143.16
  1103	143.31
  1104	143.528
  1105	143.754
  1106	143.943
  1107	144.072
  1108	144.148
  1109	144.201
  1110	144.273
  1111	144.402
  1112	144.61
  1113	144.898
  1114	145.244
  1115	145.611
  1116	145.954
  1117	146.232
  1118	146.413
  1119	146.482
  1120	146.442
  1121	146.308
  1122	146.106
  1123	145.867
  1124	145.616
  1125	145.373
  1126	145.148
  1127	144.941
  1128	144.745
  1129	144.549
  1130	144.342
  1131	144.121
  1132	143.893
  1133	143.677
  1134	143.503
  1135	143.406
  1136	143.417
  1137	143.549
  1138	143.789
  1139	144.094
  1140	144.403
  1141	144.649
  1142	144.785
  1143	144.794
  1144	144.701
  1145	144.571
  1146	144.49
  1147	144.548
  1148	144.805
  1149	145.279
  1150	145.934
  1151	146.699
  1152	147.488
  1153	148.234
  1154	148.901
  1155	149.496
  1156	150.06
  1157	150.649
  1158	151.305
  1159	152.035
  1160	152.798
  1161	153.516
  1162	154.09
  1163	154.436
  1164	154.497
  1165	154.267
  1166	153.785
  1167	153.135
  1168	152.422
  1169	151.737
  1170	151.136
  1171	150.622
  1172	150.155
  1173	149.672
  1174	149.12
  1175	148.478
  1176	147.768
  1177	147.05
  1178	146.404
  1179	145.904
  1180	145.593
  1181	145.462
  1182	145.454
  1183	145.482
  1184	145.453
  1185	145.299
  1186	144.99
  1187	144.539
  1188	143.992
  1189	143.416
  1190	142.879
  1191	142.433
  1192	142.102
  1193	141.88
  1194	141.739
  1195	141.651
  1196	141.595
  1197	141.57
  1198	141.595
  1199	141.698
  1200	141.907
  1201	142.241
  1202	142.701
  1203	143.276
  1204	143.94
  1205	144.662
  1206	145.411
  1207	146.155
  1208	146.864
  1209	147.51
  1210	148.064
  1211	148.498
  1212	148.792
  1213	148.936
  1214	148.932
  1215	148.799
  1216	148.567
  1217	148.27
  1218	147.941
  1219	147.593
  1220	147.222
  1221	146.803
  1222	146.3
  1223	145.683
  1224	144.935
  1225	144.069
  1226	143.124
  1227	142.164
  1228	141.258
  1229	140.465
  1230	139.818
  1231	139.318
  1232	138.936
  1233	138.625
  1234	138.337
  1235	138.038
  1236	137.719
  1237	137.393
  1238	137.09
  1239	136.852
  1240	136.713
  1241	136.696
  1242	136.806
  1243	137.037
  1244	137.374
  1245	137.805
  1246	138.323
  1247	138.923
  1248	139.6
  1249	140.341
  1250	141.124
  1251	141.913
  1252	142.675
  1253	143.372
  1254	143.979
  1255	144.481
  1256	144.882
  1257	145.189
  1258	145.417
  1259	145.572
  1260	145.653
  1261	145.648
  1262	145.54
  1263	145.31
  1264	144.952
  1265	144.476
  1266	143.914
  1267	143.31
  1268	142.713
  1269	142.165
  1270	141.686
  1271	141.279
  1272	140.932
  1273	140.63
  1274	140.366
  1275	140.141
  1276	139.965
  1277	139.847
  1278	139.789
  1279	139.787
  1280	139.823
  1281	139.879
  1282	139.94
  1283	140.001
  1284	140.07
  1285	140.169
  1286	140.327
  1287	140.577
  1288	140.941
  1289	141.423
  1290	142.005
  1291	142.647
  1292	143.297
  1293	143.912
  1294	144.466
  1295	144.959
  1296	145.416
  1297	145.872
  1298	146.353
  1299	146.858
  1300	147.352
  1301	147.766
  1302	148.023
  1303	148.054
  1304	147.824
  1305	147.335
  1306	146.632
  1307	145.783
  1308	144.866
  1309	143.941
  1310	143.041
  1311	142.169
  1312	141.302
  1313	140.407
  1314	139.457
  1315	138.446
  1316	137.391
  1317	136.339
  1318	135.356
  1319	134.509
  1320	133.849
  1321	133.398
  1322	133.137
  1323	133.019
  1324	132.987
  1325	132.994
  1326	133.019
  1327	133.073
  1328	133.189
  1329	133.413
  1330	133.772
  1331	134.271
  1332	134.88
  1333	135.545
  1334	136.204
  1335	136.795
  1336	137.273
  1337	137.609
  1338	137.792
  1339	137.817
  1340	137.691
  1341	137.42
  1342	137.012
  1343	136.476
  1344	135.819
  1345	135.052
  1346	134.185
  1347	133.235
  1348	132.226
  1349	131.189
  1350	130.159
  1351	129.173
  1352	128.263
  1353	127.461
  1354	126.791
  1355	126.27
  1356	125.907
  1357	125.697
  1358	125.621
  1359	125.646
  1360	125.728
  1361	125.823
  1362	125.898
  1363	125.933
  1364	125.933
  1365	125.922
  1366	125.933
  1367	125.995
  1368	126.122
  1369	126.302
  1370	126.507
  1371	126.696
  1372	126.832
  1373	126.9
  1374	126.909
  1375	126.893
  1376	126.898
  1377	126.971
  1378	127.141
  1379	127.406
  1380	127.735
  1381	128.074
  1382	128.356
  1383	128.522
  1384	128.534
  1385	128.379
  1386	128.073
  1387	127.655
  1388	127.174
  1389	126.674
  1390	126.183
  1391	125.705
  1392	125.224
  1393	124.713
  1394	124.153
  1395	123.546
  1396	122.926
  1397	122.355
  1398	121.916
  1399	121.689
  1400	121.734
  1401	122.072
  1402	122.68
  1403	123.497
  1404	124.443
  1405	125.435
  1406	126.398
  1407	127.274
  1408	128.023
  1409	128.618
  1410	129.043
  1411	129.294
  1412	129.374
  1413	129.29
  1414	129.049
  1415	128.657
  1416	128.114
  1417	127.423
  1418	126.591
  1419	125.643
  1420	124.622
  1421	123.587
  1422	122.606
  1423	121.746
  1424	121.06
  1425	120.583
  1426	120.326
  1427	120.282
  1428	120.427
  1429	120.728
  1430	121.145
  1431	121.636
  1432	122.161
  1433	122.691
  1434	123.203
  1435	123.684
  1436	124.123
  1437	124.504
  1438	124.801
  1439	124.979
  1440	125.005
  1441	124.86
  1442	124.547
  1443	124.1
  1444	123.575
  1445	123.038
  1446	122.546
  1447	122.137
  1448	121.81
  1449	121.539
  1450	121.278
  1451	120.979
  1452	120.613
  1453	120.179
  1454	119.706
  1455	119.249
  1456	118.873
  1457	118.638
  1458	118.577
  1459	118.683
  1460	118.91
  1461	119.186
  1462	119.435
  1463	119.6
  1464	119.655
  1465	119.618
  1466	119.538
  1467	119.485
  1468	119.531
  1469	119.726
  1470	120.085
  1471	120.585
  1472	121.174
  1473	121.783
  1474	122.349
  1475	122.826
  1476	123.197
  1477	123.469
  1478	123.668
  1479	123.827
  1480	123.969
  1481	124.098
  1482	124.196
  1483	124.227
  1484	124.153
  1485	123.94
  1486	123.575
  1487	123.066
  1488	122.442
  1489	121.75
  1490	121.047
  1491	120.387
  1492	119.815
  1493	119.357
  1494	119.016
  1495	118.772
  1496	118.596
  1497	118.45
  1498	118.3
  1499	118.128
  1500	117.928
  1501	117.715
  1502	117.512
  1503	117.352
  1504	117.258
  1505	117.245
  1506	117.307
  1507	117.423
  1508	117.557
  1509	117.679
  1510	117.765
  1511	117.818
  1512	117.863
  1513	117.947
  1514	118.121
  1515	118.417
  1516	118.837
  1517	119.337
  1518	119.841
  1519	120.259
  1520	120.512
  1521	120.553
  1522	120.374
  1523	120.006
  1524	119.507
  1525	118.948
  1526	118.392
  1527	117.887
  1528	117.451
  1529	117.08
  1530	116.75
  1531	116.433
  1532	116.112
  1533	115.789
  1534	115.495
  1535	115.283
  1536	115.223
  1537	115.375
  1538	115.767
  1539	116.381
  1540	117.153
  1541	117.993
  1542	118.81
  1543	119.541
  1544	120.165
  1545	120.697
  1546	121.185
  1547	121.678
  1548	122.218
  1549	122.823
  1550	123.483
  1551	124.169
  1552	124.842
  1553	125.466
  1554	126.021
  1555	126.496
  1556	126.891
  1557	127.213
  1558	127.469
  1559	127.66
  1560	127.78
  1561	127.807
  1562	127.714
  1563	127.471
  1564	127.054
  1565	126.454
  1566	125.68
  1567	124.764
  1568	123.753
  1569	122.71
  1570	121.7
  1571	120.786
  1572	120.016
  1573	119.424
  1574	119.028
  1575	118.831
  1576	118.821
  1577	118.982
  1578	119.291
  1579	119.719
  1580	120.239
  1581	120.828
  1582	121.46
  1583	122.114
  1584	122.762
  1585	123.373
  1586	123.91
  1587	124.332
  1588	124.606
  1589	124.71
  1590	124.645
  1591	124.437
  1592	124.136
  1593	123.81
  1594	123.527
  1595	123.339
  1596	123.276
  1597	123.334
  1598	123.488
  1599	123.697
  1600	123.928
  1601	124.159
  1602	124.391
  1603	124.643
  1604	124.948
  1605	125.332
  1606	125.809
  1607	126.372
  1608	126.99
  1609	127.623
  1610	128.229
  1611	128.783
  1612	129.28
  1613	129.741
  1614	130.207
  1615	130.725
  1616	131.336
  1617	132.055
  1618	132.866
  1619	133.723
  1620	134.558
  1621	135.303
  1622	135.903
  1623	136.33
  1624	136.58
  1625	136.677
  1626	136.653
  1627	136.543
  1628	136.371
  1629	136.142
  1630	135.849
  1631	135.473
  1632	135.001
  1633	134.432
  1634	133.787
  1635	133.102
  1636	132.431
  1637	131.824
  1638	131.323
  1639	130.947
  1640	130.689
  1641	130.524
  1642	130.417
  1643	130.333
  1644	130.249
  1645	130.155
  1646	130.054
  1647	129.957
  1648	129.875
  1649	129.822
  1650	129.805
  1651	129.828
  1652	129.892
  1653	129.998
  1654	130.144
  1655	130.328
  1656	130.543
  1657	130.78
  1658	131.026
  1659	131.265
  1660	131.484
  1661	131.67
  1662	131.816
  1663	131.92
  1664	131.979
  1665	131.99
  1666	131.948
  1667	131.847
  1668	131.679
  1669	131.435
  1670	131.113
  1671	130.717
  1672	130.262
  1673	129.771
  1674	129.275
  1675	128.8
  1676	128.368
  1677	127.985
  1678	127.642
  1679	127.315
  1680	126.976
  1681	126.608
  1682	126.207
  1683	125.792
  1684	125.398
  1685	125.064
  1686	124.824
  1687	124.693
  1688	124.669
  1689	124.733
  1690	124.863
  1691	125.039
  1692	125.26
  1693	125.54
  1694	125.907
  1695	126.391
  1696	127.009
  1697	127.755
  1698	128.598
  1699	129.482
  1700	130.339
  1701	131.106
  1702	131.735
  1703	132.2
  1704	132.496
  1705	132.637
  1706	132.652
  1707	132.569
  1708	132.413
  1709	132.203
  1710	131.946
  1711	131.646
  1712	131.308
  1713	130.945
  1714	130.58
  1715	130.243
  1716	129.966
  1717	129.771
  1718	129.665
  1719	129.635
  1720	129.656
  1721	129.697
  1722	129.731
  1723	129.739
  1724	129.711
  1725	129.646
  1726	129.545
  1727	129.408
  1728	129.233
  1729	129.016
  1730	128.758
  1731	128.466
  1732	128.156
  1733	127.855
  1734	127.6
  1735	127.422
  1736	127.347
  1737	127.389
  1738	127.543
  1739	127.798
  1740	128.132
  1741	128.526
  1742	128.966
  1743	129.446
  1744	129.966
  1745	130.529
  1746	131.137
  1747	131.785
  1748	132.462
  1749	133.151
  1750	133.834
  1751	134.498
  1752	135.141
  1753	135.771
  1754	136.407
  1755	137.069
  1756	137.765
  1757	138.484
  1758	139.2
  1759	139.874
  1760	140.466
  1761	140.944
  1762	141.293
  1763	141.518
  1764	141.64
  1765	141.687
  1766	141.691
  1767	141.678
  1768	141.661
  1769	141.635
  1770	141.585
  1771	141.485
  1772	141.311
  1773	141.045
  1774	140.679
  1775	140.221
  1776	139.686
  1777	139.094
  1778	138.465
  1779	137.808
  1780	137.126
  1781	136.415
  1782	135.673
  1783	134.897
  1784	134.091
  1785	133.269
  1786	132.45
  1787	131.658
  1788	130.918
  1789	130.248
  1790	129.666
  1791	129.185
  1792	128.816
  1793	128.575
  1794	128.475
  1795	128.531
  1796	128.752
  1797	129.134
  1798	129.657
  1799	130.29
  1800	130.989
  1801	131.711
  1802	132.42
  1803	133.09
  1804	133.703
  1805	134.258
  1806	134.755
  1807	135.198
  1808	135.585
  1809	135.905
  1810	136.138
  1811	136.26
  1812	136.243
  1813	136.066
  1814	135.72
  1815	135.209
  1816	134.553
  1817	133.78
  1818	132.923
  1819	132.004
  1820	131.042
  1821	130.044
  1822	129.011
  1823	127.947
  1824	126.866
  1825	125.785
  1826	124.738
  1827	123.76
  1828	122.896
  1829	122.189
  1830	121.671
  1831	121.363
  1832	121.272
  1833	121.389
  1834	121.693
  1835	122.156
  1836	122.742
  1837	123.416
  1838	124.145
  1839	124.901
  1840	125.66
  1841	126.402
  1842	127.111
  1843	127.773
  1844	128.383
  1845	128.934
  1846	129.424
  1847	129.858
  1848	130.241
  1849	130.581
  1850	130.884
  1851	131.156
  1852	131.401
  1853	131.621
  1854	131.82
  1855	132.001
  1856	132.165
  1857	132.312
  1858	132.44
  1859	132.543
  1860	132.617
  1861	132.66
  1862	132.674
  1863	132.665
  1864	132.645
  1865	132.626
  1866	132.619
  1867	132.632
  1868	132.669
  1869	132.726
  1870	132.799
  1871	132.879
  1872	132.96
  1873	133.036
  1874	133.106
  1875	133.17
  1876	133.227
  1877	133.271
  1878	133.291
  1879	133.272
  1880	133.197
  1881	133.055
  1882	132.842
  1883	132.566
  1884	132.25
  1885	131.92
  1886	131.605
  1887	131.325
  1888	131.091
  1889	130.894
  1890	130.717
  1891	130.533
  1892	130.319
  1893	130.063
  1894	129.771
  1895	129.465
  1896	129.178
  1897	128.947
  1898	128.796
  1899	128.725
  1900	128.716
  1901	128.737
  1902	128.752
  1903	128.736
  1904	128.683
  1905	128.611
  1906	128.553
  1907	128.554
  1908	128.657
  1909	128.891
  1910	129.262
  1911	129.755
  1912	130.333
  1913	130.951
  1914	131.564
  1915	132.138
  1916	132.654
  1917	133.111
  1918	133.516
  1919	133.881
  1920	134.212
  1921	134.507
  1922	134.753
  1923	134.934
  1924	135.034
  1925	135.044
  1926	134.968
  1927	134.822
  1928	134.636
  1929	134.443
  1930	134.275
  1931	134.158
  1932	134.108
  1933	134.124
  1934	134.198
  1935	134.315
  1936	134.459
  1937	134.618
  1938	134.786
  1939	134.964
  1940	135.155
  1941	135.365
  1942	135.599
  1943	135.857
  1944	136.142
  1945	136.449
  1946	136.775
  1947	137.112
  1948	137.452
  1949	137.786
  1950	138.102
  1951	138.39
  1952	138.64
  1953	138.846
  1954	139.006
  1955	139.12
  1956	139.189
  1957	139.212
  1958	139.185
  1959	139.1
  1960	138.948
  1961	138.724
  1962	138.43
  1963	138.077
  1964	137.687
  1965	137.29
  1966	136.913
  1967	136.58
  1968	136.302
  1969	136.072
  1970	135.874
  1971	135.685
  1972	135.477
  1973	135.23
  1974	134.932
  1975	134.581
  1976	134.185
  1977	133.754
  1978	133.299
  1979	132.825
  1980	132.33
  1981	131.808
  1982	131.251
  1983	130.664
  1984	130.062
  1985	129.478
  1986	128.957
  1987	128.547
  1988	128.295
  1989	128.233
  1990	128.373
  1991	128.711
  1992	129.226
  1993	129.893
  1994	130.688
  1995	131.595
  1996	132.6
  1997	133.692
  1998	134.853
  1999	136.06
  2000	137.277
  2001	138.468
