1 -144.328 51.2877
2 -144.281 51.94
3 -144.323 52.5235
4 -144.443 53.0047
5 -144.627 53.3623
6 -144.864 53.5906
7 -145.143 53.7
8 -145.459 53.7107
9 -145.807 53.6469
10 -146.187 53.5305
11 -146.595 53.3766
12 -147.024 53.19
13 -147.459 52.9682
14 -147.882 52.703
15 -148.273 52.3866
16 -148.618 52.0165
17 -148.914 51.6014
18 -149.169 51.1636
19 -149.401 50.7386
20 -149.628 50.3702
21 -149.866 50.1013
22 -150.12 49.9615
23 -150.386 49.9578
24 -150.652 50.0709
25 -150.9 50.2617
26 -151.113 50.4822
27 -151.275 50.6883
28 -151.376 50.8515
29 -151.412 50.9645
30 -151.381 51.038
31 -151.282 51.0934
32 -151.117 51.1528
33 -150.892 51.2297
34 -150.61 51.3235
35 -150.282 51.4205
36 -149.919 51.5005
37 -149.536 51.5455
38 -149.149 51.5486
39 -148.78 51.5183
40 -148.45 51.4775
41 -148.184 51.4574
42 -148.006 51.49
43 -147.934 51.6004
44 -147.979 51.803
45 -148.139 52.0992
46 -148.399 52.4792
47 -148.734 52.9252
48 -149.115 53.4153
49 -149.51 53.9288
50 -149.895 54.4519
51 -150.251 54.9797
52 -150.569 55.5189
53 -150.843 56.0827
54 -151.076 56.6858
55 -151.268 57.3389
56 -151.425 58.042
57 -151.553 58.7843
58 -151.66 59.5435
59 -151.755 60.2912
60 -151.845 61.0001
61 -151.936 61.6482
62 -152.031 62.2222
63 -152.132 62.7139
64 -152.237 63.1178
65 -152.342 63.4313
66 -152.44 63.6527
67 -152.516 63.7815
68 -152.552 63.82
69 -152.523 63.7739
70 -152.401 63.6498
71 -152.164 63.4542
72 -151.793 63.1925
73 -151.287 62.8696
74 -150.66 62.4926
75 -149.942 62.0733
76 -149.172 61.632
77 -148.394 61.1979
78 -147.65 60.8089
79 -146.978 60.5064
80 -146.408 60.3247
81 -145.962 60.2847
82 -145.652 60.3885
83 -145.483 60.6198
84 -145.452 60.9495
85 -145.544 61.3425
86 -145.742 61.7638
87 -146.027 62.1814
88 -146.384 62.5688
89 -146.802 62.9043
90 -147.276 63.1696
91 -147.804 63.3491
92 -148.379 63.4295
93 -148.99 63.3982
94 -149.618 63.2419
95 -150.241 62.9456
96 -150.84 62.4942
97 -151.403 61.8767
98 -151.934 61.0937
99 -152.445 60.1625
100 -152.953 59.1212
101 -153.471 58.0236
102 -154.004 56.9283
103 -154.545 55.8857
104 -155.08 54.9294
105 -155.594 54.0727
106 -156.074 53.3163
107 -156.51 52.6588
108 -156.895 52.1075
109 -157.219 51.6826
110 -157.473 51.4122
111 -157.642 51.3258
112 -157.718 51.444
113 -157.697 51.7696
114 -157.59 52.2844
115 -157.42 52.9505
116 -157.217 53.7171
117 -157.012 54.5278
118 -156.832 55.3324
119 -156.699 56.0934
120 -156.634 56.7876
121 -156.657 57.4074
122 -156.788 57.9586
123 -157.04 58.4524
124 -157.419 58.8976
125 -157.915 59.294
126 -158.508 59.6283
127 -159.169 59.8756
128 -159.866 60.0051
129 -160.567 59.9901
130 -161.243 59.8175
131 -161.864 59.4939
132 -162.4 59.0472
133 -162.825 58.5221
134 -163.112 57.9714
135 -163.246 57.4438
136 -163.228 56.9759
137 -163.067 56.5883
138 -162.785 56.2866
139 -162.399 56.0674
140 -161.925 55.9247
141 -161.371 55.8555
142 -160.744 55.8639
143 -160.057 55.9597
144 -159.331 56.1574
145 -158.595 56.4708
146 -157.881 56.9092
147 -157.22 57.4719
148 -156.629 58.1461
149 -156.11 58.906
150 -155.656 59.7142
151 -155.255 60.5255
152 -154.893 61.2958
153 -154.562 61.9873
154 -154.261 62.5733
155 -153.99 63.0412
156 -153.755 63.391
157 -153.564 63.6307
158 -153.426 63.7731
159 -153.352 63.8301
160 -153.348 63.8093
161 -153.415 63.7112
162 -153.545 63.5283
163 -153.722 63.2466
164 -153.923 62.849
165 -154.128 62.3193
166 -154.321 61.6495
167 -154.495 60.8454
168 -154.654 59.9301
169 -154.808 58.9412
170 -154.97 57.9286
171 -155.148 56.9429
172 -155.342 56.0256
173 -155.542 55.1989
174 -155.733 54.464
175 -155.898 53.808
176 -156.029 53.2131
177 -156.127 52.6683
178 -156.207 52.1775
179 -156.293 51.7622
180 -156.411 51.4561
181 -156.586 51.2937
182 -156.833 51.2979
183 -157.154 51.4687
184 -157.541 51.7779
185 -157.976 52.1727
186 -158.438 52.5845
187 -158.905 52.9423
188 -159.359 53.1875
189 -159.786 53.2842
190 -160.179 53.2232
191 -160.531 53.0207
192 -160.841 52.7095
193 -161.106 52.3282
194 -161.321 51.9088
195 -161.486 51.4664
196 -161.602 50.998
197 -161.674 50.4901
198 -161.711 49.9279
199 -161.727 49.308
200 -161.734 48.6464
201 -161.747 47.9795
202 -161.776 47.359
203 -161.83 46.8397
204 -161.914 46.4662
205 -162.03 46.2627
206 -162.18 46.2287
207 -162.358 46.3416
208 -162.557 46.5657
209 -162.759 46.8625
210 -162.944 47.2006
211 -163.084 47.5607
212 -163.159 47.9366
213 -163.156 48.3311
214 -163.078 48.7491
215 -162.94 49.1912
216 -162.771 49.6477
217 -162.595 50.0991
218 -162.435 50.5179
219 -162.3 50.8741
220 -162.192 51.1435
221 -162.105 51.3123
222 -162.038 51.3798
223 -161.989 51.3572
224 -161.965 51.2634
225 -161.971 51.1198
226 -162.012 50.9439
227 -162.092 50.7462
228 -162.208 50.5283
229 -162.351 50.2849
230 -162.51 50.0045
231 -162.672 49.674
232 -162.821 49.2829
233 -162.945 48.8271
234 -163.034 48.3125
235 -163.079 47.7531
236 -163.08 47.1695
237 -163.042 46.5859
238 -162.974 46.0245
239 -162.887 45.503
240 -162.786 45.0349
241 -162.67 44.6278
242 -162.527 44.2861
243 -162.346 44.0104
244 -162.113 43.7987
245 -161.822 43.6497
246 -161.475 43.5618
247 -161.08 43.5342
248 -160.646 43.5667
249 -160.176 43.6582
250 -159.668 43.8062
251 -159.115 44.0038
252 -158.509 44.2382
253 -157.844 44.4916
254 -157.12 44.743
255 -156.348 44.9711
256 -155.544 45.1603
257 -154.731 45.3051
258 -153.935 45.4119
259 -153.18 45.499
260 -152.489 45.5918
261 -151.877 45.7153
262 -151.353 45.8855
263 -150.912 46.1046
264 -150.539 46.3594
265 -150.213 46.6248
266 -149.908 46.8742
267 -149.605 47.0891
268 -149.291 47.2678
269 -148.962 47.4291
270 -148.626 47.6056
271 -148.296 47.8354
272 -147.983 48.1476
273 -147.698 48.5513
274 -147.44 49.0295
275 -147.199 49.5408
276 -146.956 50.0306
277 -146.69 50.4455
278 -146.383 50.7479
279 -146.024 50.9263
280 -145.617 50.9951
281 -145.17 50.9906
282 -144.697 50.9596
283 -144.207 50.9449
284 -143.703 50.9723
285 -143.178 51.0419
286 -142.613 51.1301
287 -141.991 51.1996
288 -141.294 51.2149
289 -140.513 51.1582
290 -139.658 51.0394
291 -138.756 50.8994
292 -137.853 50.801
293 -137.009 50.8132
294 -136.284 50.9895
295 -135.724 51.3491
296 -135.349 51.8701
297 -135.152 52.4958
298 -135.103 53.1479
299 -135.166 53.7476
300 -135.311 54.2354
301 -135.524 54.58
302 -135.805 54.7796
303 -136.162 54.8528
304 -136.601 54.8263
305 -137.118 54.7202
306 -137.696 54.539
307 -138.312 54.2701
308 -138.938 53.8903
309 -139.554 53.376
310 -140.145 52.7155
311 -140.704 51.9161
312 -141.227 51.0085
313 -141.704 50.0416
314 -142.129 49.0734
315 -142.494 48.1595
316 -142.8 47.3421
317 -143.057 46.6439
318 -143.276 46.0684
319 -143.467 45.6033
320 -143.629 45.227
321 -143.752 44.9147
322 -143.818 44.6441
323 -143.81 44.3974
324 -143.717 44.1622
325 -143.538 43.9301
326 -143.277 43.6944
327 -142.941 43.4505
328 -142.54 43.1933
329 -142.078 42.9183
330 -141.561 42.6229
331 -141.001 42.3058
332 -140.417 41.9674
333 -139.83 41.6107
334 -139.266 41.243
335 -138.747 40.8769
336 -138.295 40.5316
337 -137.929 40.2318
338 -137.666 40.0065
339 -137.527 39.886
340 -137.525 39.8973
341 -137.668 40.0586
342 -137.952 40.3759
343 -138.357 40.8375
344 -138.852 41.4143
345 -139.403 42.0639
346 -139.971 42.7382
347 -140.528 43.3921
348 -141.052 43.9938
349 -141.529 44.5299
350 -141.946 45.0036
351 -142.287 45.4298
352 -142.533 45.8256
353 -142.662 46.1983
354 -142.656 46.5378
355 -142.508 46.8185
356 -142.222 47.0052
357 -141.81 47.0669
358 -141.292 46.9898
359 -140.687 46.7848
360 -140.015 46.4874
361 -139.294 46.1478
362 -138.541 45.8192
363 -137.774 45.5406
364 -137.004 45.3282
365 -136.238 45.1744
366 -135.473 45.0546
367 -134.705 44.9387
368 -133.928 44.804
369 -133.154 44.6454
370 -132.409 44.4769
371 -131.742 44.3287
372 -131.212 44.237
373 -130.872 44.2331
374 -130.755 44.3314
375 -130.855 44.5238
376 -131.134 44.7817
377 -131.538 45.0653
378 -132.015 45.3379
379 -132.53 45.5774
380 -133.063 45.7853
381 -133.613 45.9855
382 -134.18 46.2162
383 -134.759 46.5145
384 -135.34 46.9012
385 -135.9 47.3695
386 -136.413 47.8843
387 -136.848 48.3926
388 -137.179 48.8365
389 -137.386 49.1702
390 -137.455 49.3726
391 -137.387 49.4509
392 -137.195 49.4362
393 -136.902 49.3723
394 -136.54 49.2996
395 -136.145 49.2431
396 -135.746 49.2031
397 -135.364 49.157
398 -135.009 49.0682
399 -134.681 48.8994
400 -134.377 48.6257
401 -134.096 48.2438
402 -133.846 47.7731
403 -133.639 47.2517
404 -133.488 46.7259
405 -133.399 46.238
406 -133.371 45.8171
407 -133.389 45.4754
408 -133.431 45.2094
409 -133.473 45.0064
410 -133.495 44.8523
411 -133.488 44.7379
412 -133.449 44.662
413 -133.39 44.6314
414 -133.325 44.6584
415 -133.27 44.755
416 -133.239 44.9293
417 -133.243 45.1827
418 -133.29 45.5083
419 -133.383 45.8914
420 -133.521 46.3118
421 -133.693 46.7442
422 -133.887 47.16
423 -134.083 47.5302
424 -134.266 47.8294
425 -134.422 48.0369
426 -134.544 48.1423
427 -134.631 48.1468
428 -134.692 48.0637
429 -134.737 47.9165
430 -134.779 47.7335
431 -134.829 47.5414
432 -134.895 47.3581
433 -134.975 47.1885
434 -135.064 47.0247
435 -135.153 46.8505
436 -135.232 46.649
437 -135.294 46.4121
438 -135.342 46.1454
439 -135.388 45.8694
440 -135.449 45.6127
441 -135.547 45.4019
442 -135.702 45.2507
443 -135.92 45.1508
444 -136.194 45.0704
445 -136.501 44.9617
446 -136.812 44.7717
447 -137.103 44.4566
448 -137.368 43.9932
449 -137.618 43.3866
450 -137.88 42.669
451 -138.186 41.8927
452 -138.558 41.1153
453 -138.995 40.3797
454 -139.48 39.6994
455 -139.978 39.0551
456 -140.459 38.4012
457 -140.899 37.6807
458 -141.286 36.8445
459 -141.617 35.8681
460 -141.896 34.7627
461 -142.126 33.5716
462 -142.312 32.3584
463 -142.459 31.1856
464 -142.571 30.0949
465 -142.654 29.0986
466 -142.715 28.1777
467 -142.758 27.2967
468 -142.789 26.4178
469 -142.817 25.5182
470 -142.855 24.6062
471 -142.925 23.7209
472 -143.05 22.9251
473 -143.257 22.2895
474 -143.565 21.8741
475 -143.982 21.7157
476 -144.506 21.8192
477 -145.127 22.1597
478 -145.823 22.6915
479 -146.573 23.3612
480 -147.35 24.1188
481 -148.133 24.9263
482 -148.902 25.7609
483 -149.641 26.6116
484 -150.334 27.4735
485 -150.964 28.3407
486 -151.51 29.2
487 -151.944 30.026
488 -152.236 30.7849
489 -152.353 31.4384
490 -152.269 31.9487
491 -151.964 32.2873
492 -151.437 32.4394
493 -150.699 32.4078
494 -149.782 32.2114
495 -148.726 31.8822
496 -147.582 31.4587
497 -146.397 30.9803
498 -145.218 30.4833
499 -144.081 29.9987
500 -143.014 29.5509
501 -142.03 29.158
502 -141.139 28.8339
503 -140.347 28.5876
504 -139.665 28.4244
505 -139.107 28.3469
506 -138.693 28.3566
507 -138.445 28.4547
508 -138.381 28.6443
509 -138.511 28.9284
510 -138.831 29.3079
511 -139.321 29.7772
512 -139.947 30.321
513 -140.661 30.9101
514 -141.41 31.5042
515 -142.147 32.0601
516 -142.836 32.5403
517 -143.458 32.9221
518 -144.011 33.2041
519 -144.5 33.4054
520 -144.934 33.5594
521 -145.317 33.7022
522 -145.649 33.8591
523 -145.918 34.0357
524 -146.111 34.2151
525 -146.213 34.3638
526 -146.21 34.4445
527 -146.096 34.4307
528 -145.87 34.3176
529 -145.542 34.125
530 -145.131 33.8936
531 -144.668 33.6722
532 -144.186 33.5034
533 -143.718 33.411
534 -143.28 33.3931
535 -142.875 33.4242
536 -142.487 33.4649
537 -142.09 33.4746
538 -141.664 33.4254
539 -141.206 33.3097
540 -140.727 33.1435
541 -140.261 32.9634
542 -139.846 32.8179
543 -139.52 32.7525
544 -139.307 32.7952
545 -139.213 32.9465
546 -139.227 33.1761
547 -139.327 33.4309
548 -139.489 33.6496
549 -139.692 33.7805
550 -139.926 33.796
551 -140.187 33.6986
552 -140.481 33.5178
553 -140.811 33.2966
554 -141.181 33.0732
555 -141.586 32.8629
556 -142.013 32.6498
557 -142.438 32.3907
558 -142.835 32.0272
559 -143.175 31.5064
560 -143.433 30.7982
561 -143.595 29.9066
562 -143.659 28.868
563 -143.636 27.7468
564 -143.547 26.6222
565 -143.413 25.5691
566 -143.254 24.6467
567 -143.083 23.8913
568 -142.9 23.316
569 -142.703 22.9166
570 -142.485 22.6776
571 -142.251 22.5815
572 -142.012 22.6146
573 -141.796 22.7702
574 -141.631 23.0484
575 -141.548 23.4522
576 -141.571 23.9817
577 -141.709 24.629
578 -141.964 25.3708
579 -142.324 26.1664
580 -142.771 26.9641
581 -143.282 27.7064
582 -143.832 28.339
583 -144.393 28.818
584 -144.941 29.114
585 -145.46 29.2142
586 -145.937 29.1203
587 -146.371 28.8459
588 -146.767 28.4136
589 -147.13 27.8511
590 -147.461 27.1872
591 -147.748 26.4488
592 -147.969 25.6557
593 -148.093 24.8187
594 -148.095 23.9391
595 -147.959 23.012
596 -147.69 22.0348
597 -147.308 21.013
598 -146.844 19.9718
599 -146.339 18.9567
600 -145.827 18.0244
601 -145.338 17.2319
602 -144.895 16.6227
603 -144.514 16.2123
604 -144.201 15.9848
605 -143.956 15.8986
606 -143.775 15.8998
607 -143.653 15.938
608 -143.589 15.981
609 -143.591 16.022
610 -143.677 16.0778
611 -143.87 16.1797
612 -144.187 16.3587
613 -144.629 16.6316
614 -145.178 16.9902
615 -145.792 17.3985
616 -146.424 17.7992
617 -147.024 18.1254
618 -147.558 18.3206
619 -148.01 18.3519
620 -148.376 18.2176
621 -148.663 17.9475
622 -148.879 17.5932
623 -149.029 17.2107
624 -149.115 16.8433
625 -149.134 16.5077
626 -149.081 16.1914
627 -148.951 15.8611
628 -148.742 15.4767
629 -148.454 15.0087
630 -148.089 14.4515
631 -147.657 13.827
632 -147.175 13.1806
633 -146.664 12.5692
634 -146.154 12.0475
635 -145.675 11.6529
636 -145.253 11.3984
637 -144.907 11.2725
638 -144.643 11.2474
639 -144.458 11.2899
640 -144.342 11.3741
641 -144.283 11.4913
642 -144.27 11.6539
643 -144.299 11.8931
644 -144.371 12.2478
645 -144.489 12.7523
646 -144.653 13.4231
647 -144.856 14.251
648 -145.08 15.2045
649 -145.297 16.2384
650 -145.475 17.3037
651 -145.583 18.3599
652 -145.6 19.3843
653 -145.516 20.368
654 -145.338 21.3111
655 -145.082 22.2185
656 -144.768 23.0899
657 -144.415 23.9161
658 -144.033 24.6782
659 -143.626 25.3526
660 -143.192 25.9154
661 -142.72 26.3486
662 -142.201 26.6435
663 -141.631 26.8001
664 -141.011 26.8265
665 -140.356 26.7355
666 -139.684 26.5435
667 -139.021 26.2677
668 -138.394 25.9267
669 -137.825 25.5388
670 -137.33 25.1218
671 -136.916 24.6917
672 -136.583 24.2622
673 -136.324 23.8411
674 -136.132 23.4312
675 -136.002 23.0347
676 -135.94 22.6563
677 -135.955 22.3084
678 -136.066 22.0118
679 -136.291 21.7952
680 -136.642 21.6909
681 -137.121 21.7276
682 -137.717 21.9228
683 -138.409 22.2767
684 -139.167 22.7714
685 -139.963 23.3744
686 -140.777 24.0458
687 -141.594 24.749
688 -142.409 25.4563
689 -143.22 26.1539
690 -144.024 26.8402
691 -144.819 27.5188
692 -145.595 28.1893
693 -146.341 28.8387
694 -147.04 29.4367
695 -147.674 29.9383
696 -148.225 30.2904
697 -148.679 30.4441
698 -149.028 30.3668
699 -149.274 30.0504
700 -149.425 29.5147
701 -149.497 28.8037
702 -149.507 27.9772
703 -149.472 27.0999
704 -149.404 26.2301
705 -149.309 25.4082
706 -149.189 24.6561
707 -149.046 23.9805
708 -148.884 23.3834
709 -148.713 22.8738
710 -148.544 22.4719
711 -148.393 22.2136
712 -148.279 22.1446
713 -148.219 22.3101
714 -148.232 22.7409
715 -148.331 23.4395
716 -148.523 24.3752
717 -148.801 25.4846
718 -149.146 26.6855
719 -149.528 27.8937
720 -149.916 29.0359
721 -150.28 30.0618
722 -150.6 30.9463
723 -150.866 31.6844
724 -151.078 32.2826
725 -151.244 32.7479
726 -151.375 33.0813
727 -151.481 33.2787
728 -151.572 33.3327
729 -151.655 33.2395
730 -151.737 33.0049
731 -151.822 32.6475
732 -151.918 32.1976
733 -152.028 31.6944
734 -152.159 31.1807
735 -152.318 30.6948
736 -152.513 30.2659
737 -152.749 29.9085
738 -153.031 29.6244
739 -153.354 29.4029
740 -153.712 29.2236
741 -154.091 29.0616
742 -154.48 28.8929
743 -154.867 28.6992
744 -155.242 28.4701
745 -155.6 28.2027
746 -155.936 27.901
747 -156.246 27.5751
748 -156.529 27.2383
749 -156.78 26.9058
750 -156.993 26.5963
751 -157.161 26.3307
752 -157.274 26.1322
753 -157.323 26.0235
754 -157.307 26.0246
755 -157.232 26.1508
756 -157.114 26.4077
757 -156.971 26.7921
758 -156.822 27.291
759 -156.678 27.8846
760 -156.545 28.5486
761 -156.418 29.2567
762 -156.289 29.9813
763 -156.146 30.6912
764 -155.983 31.3516
765 -155.792 31.925
766 -155.572 32.3739
767 -155.321 32.6657
768 -155.041 32.7765
769 -154.74 32.695
770 -154.426 32.4239
771 -154.113 31.9806
772 -153.809 31.3936
773 -153.521 30.6992
774 -153.249 29.9369
775 -152.99 29.1456
776 -152.74 28.3607
777 -152.502 27.6143
778 -152.283 26.9367
779 -152.094 26.3583
780 -151.94 25.9077
781 -151.822 25.6106
782 -151.73 25.4879
783 -151.647 25.5509
784 -151.555 25.7976
785 -151.438 26.2108
786 -151.286 26.7597
787 -151.09 27.4048
788 -150.848 28.1044
789 -150.557 28.8198
790 -150.217 29.5209
791 -149.831 30.1845
792 -149.406 30.7919
793 -148.952 31.324
794 -148.479 31.7582
795 -147.993 32.0684
796 -147.492 32.2292
797 -146.973 32.2225
798 -146.433 32.0448
799 -145.873 31.7124
800 -145.304 31.2623
801 -144.743 30.7482
802 -144.207 30.2323
803 -143.711 29.7733
804 -143.259 29.4154
805 -142.847 29.1817
806 -142.457 29.0719
807 -142.07 29.0676
808 -141.668 29.1414
809 -141.24 29.2684
810 -140.787 29.4341
811 -140.319 29.6376
812 -139.856 29.8883
813 -139.42 30.1966
814 -139.03 30.5628
815 -138.694 30.968
816 -138.407 31.3711
817 -138.149 31.7145
818 -137.895 31.9365
819 -137.615 31.9851
820 -137.289 31.8315
821 -136.909 31.475
822 -136.479 30.9451
823 -136.018 30.2915
824 -135.551 29.5717
825 -135.107 28.8386
826 -134.708 28.1293
827 -134.368 27.4614
828 -134.088 26.8342
829 -133.861 26.237
830 -133.672 25.6606
831 -133.505 25.1032
832 -133.35 24.5734
833 -133.2 24.0872
834 -133.055 23.6621
835 -132.921 23.3101
836 -132.806 23.034
837 -132.715 22.8259
838 -132.649 22.6691
839 -132.602 22.5412
840 -132.563 22.4186
841 -132.521 22.2778
842 -132.467 22.0981
843 -132.397 21.8624
844 -132.31 21.5599
845 -132.209 21.1884
846 -132.102 20.7564
847 -131.995 20.285
848 -131.898 19.8049
849 -131.82 19.3526
850 -131.771 18.9666
851 -131.754 18.6808
852 -131.767 18.5199
853 -131.799 18.497
854 -131.836 18.6129
855 -131.861 18.8588
856 -131.863 19.2199
857 -131.836 19.6801
858 -131.78 20.2264
859 -131.7 20.8525
860 -131.604 21.5581
861 -131.496 22.3464
862 -131.383 23.2179
863 -131.263 24.1626
864 -131.138 25.1532
865 -131.001 26.1444
866 -130.848 27.0781
867 -130.674 27.8962
868 -130.476 28.5524
869 -130.259 29.0224
870 -130.035 29.31
871 -129.817 29.4421
872 -129.616 29.4575
873 -129.437 29.3936
874 -129.278 29.2739
875 -129.132 29.1031
876 -128.99 28.8711
877 -128.842 28.5651
878 -128.685 28.1815
879 -128.517 27.7362
880 -128.342 27.2678
881 -128.166 26.8313
882 -127.999 26.4856
883 -127.852 26.2809
884 -127.738 26.2473
885 -127.665 26.386
886 -127.631 26.6727
887 -127.628 27.0639
888 -127.638 27.511
889 -127.65 27.9723
890 -127.658 28.4202
891 -127.673 28.8433
892 -127.716 29.2449
893 -127.812 29.6355
894 -127.982 30.024
895 -128.231 30.4126
896 -128.552 30.7933
897 -128.934 31.1502
898 -129.367 31.4631
899 -129.847 31.7141
900 -130.377 31.8985
901 -130.968 32.0254
902 -131.623 32.1171
903 -132.34 32.2015
904 -133.106 32.3035
905 -133.902 32.4361
906 -134.699 32.5973
907 -135.474 32.7712
908 -136.203 32.9359
909 -136.867 33.0704
910 -137.45 33.1607
911 -137.936 33.202
912 -138.316 33.1947
913 -138.588 33.1385
914 -138.758 33.0256
915 -138.838 32.8381
916 -138.844 32.5498
917 -138.795 32.1334
918 -138.708 31.5718
919 -138.599 30.8649
920 -138.49 30.0344
921 -138.401 29.1215
922 -138.357 28.1814
923 -138.381 27.2725
924 -138.49 26.4473
925 -138.693 25.7465
926 -138.99 25.1955
927 -139.374 24.8062
928 -139.834 24.5805
929 -140.354 24.5164
930 -140.923 24.6123
931 -141.53 24.8682
932 -142.171 25.2855
933 -142.841 25.8624
934 -143.533 26.5904
935 -144.243 27.453
936 -144.965 28.4244
937 -145.688 29.4716
938 -146.403 30.5584
939 -147.094 31.6485
940 -147.744 32.711
941 -148.334 33.721
942 -148.84 34.6587
943 -149.242 35.5092
944 -149.522 36.2597
945 -149.672 36.9014
946 -149.693 37.431
947 -149.597 37.8541
948 -149.404 38.187
949 -149.133 38.4556
950 -148.806 38.6929
951 -148.436 38.9309
952 -148.037 39.1934
953 -147.616 39.4905
954 -147.185 39.815
955 -146.753 40.1447
956 -146.332 40.4492
957 -145.933 40.6993
958 -145.567 40.8746
959 -145.248 40.9685
960 -144.99 40.9872
961 -144.81 40.9444
962 -144.72 40.8532
963 -144.729 40.7178
964 -144.832 40.5306
965 -145.012 40.2728
966 -145.243 39.9208
967 -145.494 39.4564
968 -145.742 38.8732
969 -145.971 38.1827
970 -146.178 37.4153
971 -146.366 36.615
972 -146.543 35.833
973 -146.715 35.1146
974 -146.889 34.4902
975 -147.065 33.97
976 -147.243 33.5446
977 -147.422 33.1925
978 -147.602 32.8914
979 -147.784 32.6289
980 -147.967 32.4073
981 -148.149 32.2449
982 -148.325 32.1677
983 -148.487 32.1983
984 -148.622 32.345
985 -148.714 32.5947
986 -148.746 32.9149
987 -148.701 33.2612
988 -148.562 33.5903
989 -148.32 33.8716
990 -147.973 34.0932
991 -147.529 34.263
992 -147.006 34.4037
993 -146.433 34.5446
994 -145.844 34.7119
995 -145.269 34.9209
996 -144.734 35.1727
997 -144.251 35.4554
998 -143.825 35.7483
999 -143.456 36.0281
1000 -143.14 36.2783
1001 -142.876 36.493
1002 -142.667 36.6787
1003 -142.52 36.8521
1004 -142.446 37.0345
1005 -142.455 37.2449
1006 -142.551 37.4941
1007 -142.731 37.7812
1008 -142.986 38.0937
1009 -143.298 38.4117
1010 -143.642 38.7124
1011 -143.991 38.9747
1012 -144.315 39.1807
1013 -144.589 39.3154
1014 -144.793 39.3652
1015 -144.914 39.3176
1016 -144.95 39.1627
1017 -144.903 38.8959
1018 -144.781 38.5203
1019 -144.59 38.0473
1020 -144.336 37.4965
1021 -144.019 36.8921
1022 -143.639 36.2571
1023 -143.193 35.6103
1024 -142.682 34.9639
1025 -142.108 34.3264
1026 -141.48 33.7073
1027 -140.814 33.1222
1028 -140.13 32.5959
1029 -139.449 32.1619
1030 -138.796 31.8582
1031 -138.192 31.7189
1032 -137.65 31.7642
1033 -137.179 31.9938
1034 -136.775 32.3841
1035 -136.43 32.8922
1036 -136.13 33.4666
1037 -135.862 34.0585
1038 -135.618 34.6327
1039 -135.397 35.1722
1040 -135.204 35.676
1041 -135.049 36.1521
1042 -134.944 36.6062
1043 -134.897 37.0333
1044 -134.909 37.4131
1045 -134.974 37.7119
1046 -135.077 37.8921
1047 -135.202 37.9226
1048 -135.336 37.7913
1049 -135.471 37.5099
1050 -135.608 37.1139
1051 -135.754 36.6551
1052 -135.915 36.1893
1053 -136.094 35.7619
1054 -136.287 35.3958
1055 -136.481 35.0867
1056 -136.661 34.8073
1057 -136.809 34.5199
1058 -136.914 34.1905
1059 -136.969 33.8014
1060 -136.978 33.3575
1061 -136.952 32.8851
1062 -136.905 32.4224
1063 -136.851 32.0081
1064 -136.798 31.669
1065 -136.743 31.4122
1066 -136.674 31.2256
1067 -136.572 31.0847
1068 -136.413 30.962
1069 -136.184 30.8376
1070 -135.878 30.707
1071 -135.504 30.5819
1072 -135.084 30.4873
1073 -134.644 30.4527
1074 -134.211 30.5022
1075 -133.805 30.6469
1076 -133.437 30.8817
1077 -133.113 31.1888
1078 -132.83 31.5457
1079 -132.586 31.9343
1080 -132.382 32.3477
1081 -132.221 32.7916
1082 -132.109 33.2802
1083 -132.056 33.8272
1084 -132.075 34.4367
1085 -132.177 35.1003
1086 -132.375 35.7981
1087 -132.675 36.5033
1088 -133.078 37.1906
1089 -133.574 37.8403
1090 -134.144 38.4412
1091 -134.762 38.9867
1092 -135.402 39.4719
1093 -136.038 39.8875
1094 -136.654 40.2188
1095 -137.24 40.4507
1096 -137.797 40.5717
1097 -138.329 40.579
1098 -138.84 40.4819
1099 -139.334 40.3012
1100 -139.814 40.0654
1101 -140.277 39.8043
1102 -140.721 39.5436
1103 -141.139 39.3007
1104 -141.519 39.0833
1105 -141.849 38.8909
1106 -142.117 38.7202
1107 -142.314 38.5712
1108 -142.443 38.4527
1109 -142.513 38.385
1110 -142.539 38.3966
1111 -142.541 38.5174
1112 -142.53 38.7684
1113 -142.511 39.1525
1114 -142.482 39.6505
1115 -142.431 40.2233
1116 -142.352 40.8218
1117 -142.24 41.4003
1118 -142.103 41.9283
1119 -141.955 42.3965
1120 -141.813 42.8138
1121 -141.696 43.2001
1122 -141.617 43.5739
1123 -141.582 43.9408
1124 -141.589 44.2863
1125 -141.633 44.5776
1126 -141.704 44.7721
1127 -141.793 44.8291
1128 -141.892 44.7232
1129 -141.999 44.4525
1130 -142.114 44.0426
1131 -142.243 43.5428
1132 -142.392 43.0174
1133 -142.57 42.5289
1134 -142.784 42.1224
1135 -143.039 41.8197
1136 -143.337 41.6161
1137 -143.674 41.4897
1138 -144.044 41.4157
1139 -144.438 41.3808
1140 -144.845 41.3913
1141 -145.255 41.4744
1142 -145.661 41.6687
1143 -146.056 42.0104
1144 -146.431 42.5189
1145 -146.777 43.1862
1146 -147.082 43.9763
1147 -147.33 44.8344
1148 -147.501 45.6979
1149 -147.58 46.5098
1150 -147.555 47.2269
1151 -147.425 47.8214
1152 -147.197 48.2788
1153 -146.886 48.594
1154 -146.51 48.7674
1155 -146.082 48.8026
1156 -145.615 48.705
1157 -145.113 48.4851
1158 -144.58 48.1591
1159 -144.013 47.7503
1160 -143.408 47.291
1161 -142.762 46.822
1162 -142.073 46.3903
1163 -141.343 46.0428
1164 -140.581 45.8189
1165 -139.802 45.7476
1166 -139.026 45.8427
1167 -138.275 46.1034
1168 -137.565 46.5201
1169 -136.907 47.081
1170 -136.307 47.7748
1171 -135.766 48.5916
1172 -135.283 49.5177
1173 -134.852 50.5309
1174 -134.464 51.5954
1175 -134.109 52.6608
1176 -133.778 53.6695
1177 -133.464 54.5677
1178 -133.167 55.3144
1179 -132.894 55.8882
1180 -132.658 56.2872
1181 -132.472 56.5218
1182 -132.351 56.6061
1183 -132.302 56.5463
1184 -132.326 56.3382
1185 -132.414 55.9681
1186 -132.554 55.421
1187 -132.729 54.6918
1188 -132.925 53.7913
1189 -133.134 52.75
1190 -133.353 51.6182
1191 -133.581 50.4564
1192 -133.818 49.3235
1193 -134.06 48.2658
1194 -134.299 47.3082
1195 -134.522 46.452
1196 -134.713 45.6821
1197 -134.859 44.977
1198 -134.954 44.3223
1199 -135 43.7193
1200 -135.011 43.1845
1201 -135.011 42.7449
1202 -135.027 42.4276
1203 -135.082 42.2474
1204 -135.185 42.1962
1205 -135.326 42.2418
1206 -135.479 42.3322
1207 -135.616 42.4087
1208 -135.71 42.4194
1209 -135.753 42.3312
1210 -135.75 42.1352
1211 -135.719 41.8451
1212 -135.68 41.4888
1213 -135.652 41.0968
1214 -135.645 40.6891
1215 -135.659 40.2683
1216 -135.69 39.8206
1217 -135.733 39.3235
1218 -135.783 38.7608
1219 -135.835 38.1322
1220 -135.883 37.4584
1221 -135.916 36.7791
1222 -135.923 36.145
1223 -135.896 35.6042
1224 -135.836 35.1907
1225 -135.752 34.9189
1226 -135.663 34.7823
1227 -135.585 34.7577
1228 -135.528 34.8145
1229 -135.493 34.9249
1230 -135.475 35.0706
1231 -135.471 35.2449
1232 -135.484 35.4512
1233 -135.524 35.6974
1234 -135.606 35.9908
1235 -135.744 36.3346
1236 -135.95 36.7264
1237 -136.23 37.1605
1238 -136.582 37.6288
1239 -136.999 38.1235
1240 -137.47 38.6407
1241 -137.982 39.1792
1242 -138.522 39.7392
1243 -139.073 40.3166
1244 -139.618 40.8989
1245 -140.139 41.468
1246 -140.618 41.9993
1247 -141.036 42.4654
1248 -141.381 42.8406
1249 -141.642 43.1043
1250 -141.813 43.2432
1251 -141.893 43.2496
1252 -141.882 43.1197
1253 -141.785 42.8499
1254 -141.609 42.4351
1255 -141.367 41.8694
1256 -141.076 41.1506
1257 -140.758 40.2875
1258 -140.441 39.305
1259 -140.149 38.2462
1260 -139.898 37.1712
1261 -139.691 36.1477
1262 -139.518 35.2375
1263 -139.358 34.4856
1264 -139.192 33.9124
1265 -139.005 33.512
1266 -138.796 33.2601
1267 -138.57 33.1247
1268 -138.336 33.0796
1269 -138.103 33.1112
1270 -137.878 33.2198
1271 -137.665 33.4134
1272 -137.469 33.699
1273 -137.297 34.0713
1274 -137.155 34.5057
1275 -137.048 34.9603
1276 -136.979 35.3829
1277 -136.944 35.7238
1278 -136.939 35.9481
1279 -136.962 36.0437
1280 -137.01 36.023
1281 -137.087 35.9178
1282 -137.192 35.7689
1283 -137.321 35.6139
1284 -137.462 35.4767
1285 -137.595 35.3639
1286 -137.692 35.2649
1287 -137.726 35.1605
1288 -137.672 35.0328
1289 -137.518 34.8755
1290 -137.262 34.6995
1291 -136.912 34.5322
1292 -136.485 34.4098
1293 -136.002 34.3658
1294 -135.484 34.4193
1295 -134.946 34.5677
1296 -134.396 34.7875
1297 -133.836 35.0414
1298 -133.26 35.2913
1299 -132.659 35.5105
1300 -132.027 35.6895
1301 -131.363 35.8377
1302 -130.673 35.9765
1303 -129.971 36.1301
1304 -129.275 36.3147
1305 -128.604 36.5323
1306 -127.967 36.7693
1307 -127.37 37.0016
1308 -126.809 37.2035
1309 -126.276 37.358
1310 -125.767 37.4621
1311 -125.28 37.5299
1312 -124.823 37.5873
1313 -124.407 37.6656
1314 -124.047 37.7917
1315 -123.764 37.9828
1316 -123.572 38.2439
1317 -123.482 38.57
1318 -123.496 38.9522
1319 -123.605 39.3835
1320 -123.793 39.862
1321 -124.035 40.39
1322 -124.306 40.9716
1323 -124.581 41.6045
1324 -124.834 42.2762
1325 -125.045 42.9646
1326 -125.196 43.6412
1327 -125.273 44.2769
1328 -125.262 44.8494
1329 -125.159 45.3483
1330 -124.964 45.7743
1331 -124.686 46.1375
1332 -124.341 46.4516
1333 -123.949 46.7285
1334 -123.528 46.9729
1335 -123.096 47.1827
1336 -122.664 47.3506
1337 -122.24 47.4698
1338 -121.833 47.5385
1339 -121.453 47.5648
1340 -121.117 47.5661
1341 -120.839 47.566
1342 -120.635 47.5866
1343 -120.509 47.6398
1344 -120.457 47.7213
1345 -120.46 47.8098
1346 -120.492 47.8735
1347 -120.534 47.8799
1348 -120.572 47.8075
1349 -120.607 47.6537
1350 -120.652 47.436
1351 -120.723 47.1869
1352 -120.833 46.9421
1353 -120.992 46.7291
1354 -121.2 46.5573
1355 -121.457 46.4159
1356 -121.76 46.2791
1357 -122.105 46.1153
1358 -122.489 45.9005
1359 -122.906 45.627
1360 -123.346 45.3051
1361 -123.794 44.962
1362 -124.231 44.6314
1363 -124.636 44.3425
1364 -124.989 44.1086
1365 -125.269 43.9234
1366 -125.46 43.7623
1367 -125.551 43.5919
1368 -125.537 43.3822
1369 -125.428 43.1186
1370 -125.243 42.8093
1371 -125.014 42.4848
1372 -124.784 42.1919
1373 -124.596 41.9799
1374 -124.484 41.8883
1375 -124.473 41.937
1376 -124.571 42.1233
1377 -124.773 42.4263
1378 -125.067 42.816
1379 -125.431 43.2644
1380 -125.845 43.7555
1381 -126.292 44.2857
1382 -126.753 44.8609
1383 -127.211 45.4856
1384 -127.645 46.1541
1385 -128.033 46.8458
1386 -128.356 47.5257
1387 -128.594 48.1497
1388 -128.734 48.6761
1389 -128.77 49.0733
1390 -128.702 49.3251
1391 -128.537 49.4303
1392 -128.287 49.3985
1393 -127.968 49.2447
1394 -127.599 48.9843
1395 -127.205 48.6315
1396 -126.813 48.1996
1397 -126.448 47.7046
1398 -126.13 47.1675
1399 -125.871 46.6183
1400 -125.674 46.0952
1401 -125.54 45.6429
1402 -125.469 45.3054
1403 -125.464 45.1178
1404 -125.532 45.0956
1405 -125.682 45.2317
1406 -125.917 45.4969
1407 -126.235 45.8489
1408 -126.626 46.2443
1409 -127.081 46.6508
1410 -127.591 47.0522
1411 -128.156 47.4474
1412 -128.776 47.844
1413 -129.457 48.249
1414 -130.2 48.6614
1415 -130.994 49.0657
1416 -131.821 49.434
1417 -132.658 49.7333
1418 -133.475 49.9323
1419 -134.243 50.0098
1420 -134.935 49.9599
1421 -135.525 49.7924
1422 -135.989 49.5306
1423 -136.304 49.2042
1424 -136.45 48.8432
1425 -136.418 48.4706
1426 -136.205 48.0995
1427 -135.821 47.7328
1428 -135.282 47.3691
1429 -134.608 47.0089
1430 -133.826 46.6604
1431 -132.962 46.3428
1432 -132.049 46.0848
1433 -131.124 45.919
1434 -130.229 45.8726
1435 -129.406 45.9595
1436 -128.688 46.1757
1437 -128.104 46.5001
1438 -127.662 46.9003
1439 -127.365 47.3422
1440 -127.203 47.7975
1441 -127.162 48.2488
1442 -127.226 48.6898
1443 -127.375 49.1204
1444 -127.587 49.5407
1445 -127.837 49.9489
1446 -128.103 50.3384
1447 -128.368 50.6996
1448 -128.618 51.0248
1449 -128.846 51.3118
1450 -129.046 51.5658
1451 -129.215 51.7974
1452 -129.348 52.0187
1453 -129.442 52.2402
1454 -129.496 52.4668
1455 -129.513 52.6985
1456 -129.497 52.9321
1457 -129.456 53.1658
1458 -129.394 53.4019
1459 -129.312 53.6474
1460 -129.21 53.9122
1461 -129.083 54.2062
1462 -128.929 54.5342
1463 -128.745 54.8914
1464 -128.526 55.2629
1465 -128.266 55.6269
1466 -127.958 55.9622
1467 -127.6 56.2565
1468 -127.201 56.5143
1469 -126.785 56.7589
1470 -126.39 57.0306
1471 -126.062 57.3772
1472 -125.848 57.8408
1473 -125.784 58.4439
1474 -125.888 59.1805
1475 -126.16 60.0152
1476 -126.581 60.8916
1477 -127.124 61.7439
1478 -127.765 62.5142
1479 -128.485 63.1626
1480 -129.272 63.666
1481 -130.121 64.0162
1482 -131.022 64.2122
1483 -131.96 64.2509
1484 -132.906 64.1208
1485 -133.825 63.8006
1486 -134.678 63.2624
1487 -135.436 62.4823
1488 -136.086 61.4486
1489 -136.638 60.1716
1490 -137.116 58.6917
1491 -137.552 57.0773
1492 -137.977 55.4174
1493 -138.41 53.8033
1494 -138.864 52.3106
1495 -139.338 50.9915
1496 -139.827 49.8665
1497 -140.324 48.93
1498 -140.816 48.1619
1499 -141.288 47.5401
1500 -141.722 47.0523
1501 -142.103 46.6983
1502 -142.423 46.4869
1503 -142.686 46.4273
1504 -142.905 46.519
1505 -143.097 46.747
1506 -143.277 47.0801
1507 -143.451 47.478
1508 -143.622 47.8988
1509 -143.791 48.3083
1510 -143.971 48.6844
1511 -144.182 49.0188
1512 -144.455 49.3153
1513 -144.821 49.5854
1514 -145.308 49.8429
1515 -145.927 50.0995
1516 -146.672 50.3596
1517 -147.523 50.6189
1518 -148.452 50.8651
1519 -149.428 51.081
1520 -150.417 51.2484
1521 -151.386 51.3518
1522 -152.301 51.3821
1523 -153.128 51.3378
1524 -153.833 51.2241
1525 -154.391 51.0505
1526 -154.785 50.8276
1527 -155.009 50.5646
1528 -155.07 50.2687
1529 -154.975 49.9457
1530 -154.733 49.6033
1531 -154.348 49.2514
1532 -153.827 48.9056
1533 -153.174 48.583
1534 -152.404 48.3018
1535 -151.543 48.0813
1536 -150.63 47.9401
1537 -149.707 47.8957
1538 -148.814 47.9641
1539 -147.983 48.1584
1540 -147.236 48.4878
1541 -146.588 48.9542
1542 -146.048 49.5472
1543 -145.62 50.2432
1544 -145.299 51.0073
1545 -145.077 51.7967
1546 -144.937 52.5695
1547 -144.864 53.2916
1548 -144.846 53.9448
1549 -144.884 54.5289
1550 -144.984 55.0529
1551 -145.164 55.5293
1552 -145.438 55.9652
1553 -145.812 56.3571
1554 -146.28 56.6908
1555 -146.821 56.9433
1556 -147.405 57.0914
1557 -147.999 57.1209
1558 -148.574 57.0329
1559 -149.107 56.8457
1560 -149.58 56.5923
1561 -149.974 56.3137
1562 -150.268 56.0498
1563 -150.44 55.8298
1564 -150.466 55.6657
1565 -150.333 55.5499
1566 -150.03 55.4598
1567 -149.558 55.3678
1568 -148.924 55.2519
1569 -148.139 55.1062
1570 -147.219 54.9459
1571 -146.186 54.8057
1572 -145.063 54.7324
1573 -143.882 54.7712
1574 -142.677 54.9509
1575 -141.485 55.2742
1576 -140.336 55.7155
1577 -139.251 56.2296
1578 -138.244 56.7654
1579 -137.325 57.2803
1580 -136.501 57.7515
1581 -135.782 58.1776
1582 -135.178 58.5738
1583 -134.699 58.9617
1584 -134.342 59.3577
1585 -134.094 59.7651
1586 -133.93 60.1711
1587 -133.821 60.5516
1588 -133.742 60.8769
1589 -133.674 61.1224
1590 -133.61 61.2766
1591 -133.555 61.3457
1592 -133.521 61.3524
1593 -133.523 61.3314
1594 -133.577 61.3208
1595 -133.691 61.3536
1596 -133.863 61.4491
1597 -134.079 61.6095
1598 -134.312 61.82
1599 -134.521 62.055
1600 -134.662 62.2858
1601 -134.692 62.4888
1602 -134.575 62.6498
1603 -134.29 62.766
1604 -133.834 62.8448
1605 -133.216 62.9004
1606 -132.459 62.9511
1607 -131.588 63.0152
1608 -130.628 63.1104
1609 -129.6 63.2515
1610 -128.522 63.45
1611 -127.408 63.7121
1612 -126.273 64.039
1613 -125.135 64.4242
1614 -124.014 64.8574
1615 -122.933 65.3261
1616 -121.915 65.8196
1617 -120.983 66.3307
1618 -120.159 66.8551
1619 -119.461 67.3872
1620 -118.9 67.9144
1621 -118.474 68.4143
1622 -118.165 68.8506
1623 -117.937 69.1775
1624 -117.743 69.3467
1625 -117.53 69.316
1626 -117.261 69.0576
1627 -116.918 68.566
1628 -116.509 67.8584
1629 -116.067 66.974
1630 -115.64 65.9697
1631 -115.279 64.9094
1632 -115.028 63.8532
1633 -114.913 62.8469
1634 -114.944 61.9167
1635 -115.115 61.0703
1636 -115.412 60.3044
1637 -115.818 59.6146
1638 -116.318 59.0062
1639 -116.898 58.4997
1640 -117.545 58.1277
1641 -118.242 57.927
1642 -118.969 57.9242
1643 -119.698 58.1217
1644 -120.393 58.4901
1645 -121.014 58.9698
1646 -121.519 59.4845
1647 -121.872 59.9589
1648 -122.052 60.3375
1649 -122.059 60.5963
1650 -121.918 60.7444
1651 -121.672 60.8163
1652 -121.378 60.8579
1653 -121.086 60.9096
1654 -120.834 60.9923
1655 -120.639 61.102
1656 -120.49 61.213
1657 -120.367 61.2877
1658 -120.242 61.2904
1659 -120.093 61.1993
1660 -119.914 61.0131
1661 -119.714 60.7527
1662 -119.512 60.4559
1663 -119.33 60.1682
1664 -119.187 59.929
1665 -119.09 59.7604
1666 -119.032 59.6614
1667 -119 59.6114
1668 -118.98 59.5783
1669 -118.961 59.5323
1670 -118.942 59.4569
1671 -118.932 59.3551
1672 -118.95 59.2484
1673 -119.02 59.1696
1674 -119.168 59.1521
1675 -119.416 59.2197
1676 -119.776 59.3792
1677 -120.244 59.6186
1678 -120.803 59.9114
1679 -121.42 60.2235
1680 -122.052 60.519
1681 -122.651 60.7654
1682 -123.173 60.9367
1683 -123.585 61.014
1684 -123.87 60.9865
1685 -124.029 60.8526
1686 -124.074 60.6193
1687 -124.031 60.3028
1688 -123.925 59.9255
1689 -123.779 59.5133
1690 -123.61 59.0932
1691 -123.426 58.6911
1692 -123.231 58.3293
1693 -123.025 58.0271
1694 -122.805 57.8005
1695 -122.572 57.6643
1696 -122.325 57.632
1697 -122.066 57.7157
1698 -121.797 57.9238
1699 -121.516 58.2596
1700 -121.222 58.7192
1701 -120.91 59.2881
1702 -120.573 59.9405
1703 -120.2 60.6395
1704 -119.782 61.3397
1705 -119.31 61.9955
1706 -118.785 62.568
1707 -118.216 63.0326
1708 -117.629 63.3829
1709 -117.06 63.6309
1710 -116.552 63.8016
1711 -116.144 63.9232
1712 -115.868 64.017
1713 -115.733 64.0881
1714 -115.73 64.1228
1715 -115.832 64.0931
1716 -116.002 63.9663
1717 -116.198 63.7166
1718 -116.384 63.3352
1719 -116.536 62.8359
1720 -116.635 62.254
1721 -116.67 61.6383
1722 -116.633 61.0371
1723 -116.514 60.4861
1724 -116.301 59.9995
1725 -115.985 59.567
1726 -115.56 59.1629
1727 -115.027 58.761
1728 -114.4 58.3485
1729 -113.706 57.937
1730 -112.982 57.5611
1731 -112.274 57.2721
1732 -111.633 57.1233
1733 -111.109 57.1559
1734 -110.742 57.387
1735 -110.554 57.8027
1736 -110.541 58.3624
1737 -110.679 59.0103
1738 -110.927 59.6876
1739 -111.242 60.3451
1740 -111.589 60.9542
1741 -111.949 61.5078
1742 -112.314 62.0145
1743 -112.685 62.4921
1744 -113.062 62.9571
1745 -113.44 63.4158
1746 -113.808 63.8615
1747 -114.154 64.2767
1748 -114.468 64.639
1749 -114.755 64.9308
1750 -115.03 65.1471
1751 -115.323 65.3002
1752 -115.668 65.4171
1753 -116.098 65.5328
1754 -116.636 65.6815
1755 -117.285 65.8867
1756 -118.034 66.1565
1757 -118.85 66.4817
1758 -119.688 66.8407
1759 -120.499 67.2063
1760 -121.228 67.5495
1761 -121.824 67.8459
1762 -122.252 68.0793
1763 -122.493 68.2412
1764 -122.549 68.3313
1765 -122.442 68.3576
1766 -122.21 68.334
1767 -121.893 68.28
1768 -121.532 68.2184
1769 -121.165 68.1717
1770 -120.817 68.1599
1771 -120.511 68.1987
1772 -120.269 68.2989
1773 -120.112 68.4686
1774 -120.062 68.7166
1775 -120.141 69.0515
1776 -120.364 69.4808
1777 -120.733 70.0079
1778 -121.235 70.6274
1779 -121.843 71.3221
1780 -122.519 72.0621
1781 -123.219 72.8063
1782 -123.899 73.5047
1783 -124.523 74.1094
1784 -125.065 74.5813
1785 -125.513 74.8935
1786 -125.872 75.0368
1787 -126.164 75.0202
1788 -126.425 74.8669
1789 -126.703 74.6072
1790 -127.045 74.2706
1791 -127.491 73.8768
1792 -128.064 73.4313
1793 -128.766 72.926
1794 -129.575 72.3455
1795 -130.459 71.6753
1796 -131.375 70.9111
1797 -132.285 70.0654
1798 -133.152 69.1669
1799 -133.949 68.2578
1800 -134.65 67.3859
1801 -135.232 66.5962
1802 -135.674 65.9173
1803 -135.96 65.3611
1804 -136.081 64.9228
1805 -136.037 64.5828
1806 -135.84 64.3198
1807 -135.514 64.1218
1808 -135.088 63.9945
1809 -134.603 63.9627
1810 -134.104 64.0647
1811 -133.642 64.3406
1812 -133.265 64.8179
1813 -133.017 65.4976
1814 -132.93 66.3482
1815 -133.017 67.3118
1816 -133.271 68.3151
1817 -133.667 69.2824
1818 -134.173 70.1537
1819 -134.757 70.8925
1820 -135.393 71.4818
1821 -136.067 71.9222
1822 -136.772 72.2275
1823 -137.502 72.4152
1824 -138.255 72.5012
1825 -139.029 72.4988
1826 -139.822 72.4156
1827 -140.638 72.2569
1828 -141.48 72.03
1829 -142.355 71.7487
1830 -143.268 71.4375
1831 -144.226 71.1327
1832 -145.228 70.8797
1833 -146.265 70.7246
1834 -147.323 70.7042
1835 -148.378 70.8384
1836 -149.395 71.1249
1837 -150.332 71.5391
1838 -151.144 72.0415
1839 -151.788 72.5864
1840 -152.227 73.1305
1841 -152.439 73.6393
1842 -152.417 74.0893
1843 -152.174 74.4702
1844 -151.739 74.7835
1845 -151.152 75.0376
1846 -150.457 75.2451
1847 -149.702 75.4202
1848 -148.926 75.5753
1849 -148.165 75.7177
1850 -147.45 75.8486
1851 -146.804 75.9627
1852 -146.25 76.0511
1853 -145.807 76.1059
1854 -145.49 76.1252
1855 -145.307 76.1152
1856 -145.261 76.0889
1857 -145.346 76.0609
1858 -145.543 76.0422
1859 -145.825 76.0347
1860 -146.159 76.0294
1861 -146.508 76.0093
1862 -146.841 75.9527
1863 -147.132 75.8408
1864 -147.369 75.6634
1865 -147.553 75.4238
1866 -147.694 75.1414
1867 -147.811 74.8507
1868 -147.925 74.598
1869 -148.049 74.4363
1870 -148.186 74.4155
1871 -148.325 74.5741
1872 -148.443 74.9317
1873 -148.509 75.4848
1874 -148.495 76.2083
1875 -148.375 77.0618
1876 -148.131 77.9999
1877 -147.755 78.9844
1878 -147.245 79.9845
1879 -146.61 80.978
1880 -145.861 81.9515
1881 -145.012 82.8924
1882 -144.075 83.7818
1883 -143.062 84.592
1884 -141.981 85.288
1885 -140.841 85.8337
1886 -139.657 86.1993
1887 -138.451 86.3681
1888 -137.257 86.3403
1889 -136.128 86.1334
1890 -135.123 85.7791
1891 -134.303 85.3173
1892 -133.718 84.787
1893 -133.4 84.2222
1894 -133.355 83.6462
1895 -133.562 83.0672
1896 -133.973 82.4811
1897 -134.525 81.8776
1898 -135.154 81.2448
1899 -135.799 80.5764
1900 -136.417 79.8798
1901 -136.977 79.1763
1902 -137.466 78.4979
1903 -137.886 77.8819
1904 -138.246 77.3629
1905 -138.559 76.968
1906 -138.837 76.7133
1907 -139.09 76.6066
1908 -139.325 76.6505
1909 -139.55 76.8472
1910 -139.771 77.2004
1911 -140.002 77.7145
1912 -140.258 78.3919
1913 -140.553 79.2259
1914 -140.895 80.1955
1915 -141.283 81.2673
1916 -141.701 82.3942
1917 -142.121 83.5188
1918 -142.5 84.5778
1919 -142.793 85.5081
1920 -142.959 86.2539
1921 -142.967 86.7722
1922 -142.797 87.0366
1923 -142.451 87.0397
1924 -141.944 86.7926
1925 -141.31 86.3223
1926 -140.592 85.6657
1927 -139.843 84.8651
1928 -139.116 83.9609
1929 -138.457 82.9881
1930 -137.906 81.9768
1931 -137.49 80.9537
1932 -137.224 79.9445
1933 -137.113 78.9788
1934 -137.155 78.0902
1935 -137.337 77.3115
1936 -137.645 76.6703
1937 -138.052 76.1831
1938 -138.528 75.8499
1939 -139.035 75.6536
1940 -139.53 75.5616
1941 -139.972 75.5306
1942 -140.323 75.5123
1943 -140.554 75.4618
1944 -140.652 75.3445
1945 -140.62 75.1423
1946 -140.475 74.8558
1947 -140.249 74.5034
1948 -139.982 74.1159
1949 -139.718 73.7271
1950 -139.497 73.3651
1951 -139.348 73.0435
1952 -139.287 72.7594
1953 -139.316 72.4972
1954 -139.428 72.2368
1955 -139.606 71.9628
1956 -139.833 71.6708
1957 -140.094 71.3689
1958 -140.376 71.0741
1959 -140.671 70.807
1960 -140.972 70.585
1961 -141.27 70.4176
1962 -141.554 70.3042
1963 -141.813 70.2359
1964 -142.032 70.1982
1965 -142.197 70.177
1966 -142.299 70.1621
1967 -142.334 70.151
1968 -142.307 70.1497
1969 -142.228 70.1705
1970 -142.113 70.2293
1971 -141.979 70.3418
1972 -141.843 70.5181
1973 -141.711 70.7581
1974 -141.584 71.0484
1975 -141.452 71.3631
1976 -141.295 71.6678
1977 -141.09 71.9257
1978 -140.815 72.1054
1979 -140.455 72.1867
1980 -140.003 72.164
1981 -139.462 72.0461
1982 -138.847 71.853
1983 -138.179 71.6099
1984 -137.487 71.3415
1985 -136.797 71.0669
1986 -136.137 70.797
1987 -135.533 70.5363
1988 -135.01 70.2869
1989 -134.593 70.054
1990 -134.31 69.8481
1991 -134.183 69.685
1992 -134.233 69.5839
1993 -134.468 69.5622
1994 -134.882 69.6309
1995 -135.453 69.7888
1996 -136.141 70.0209
1997 -136.895 70.2986
1998 -137.659 70.5829
1999 -138.379 70.8303
2000 -139.013 70.9998
2001 -139.535 71.0597
