1 -96.4886 -20.3301
2 -96.9261 -20.4706
3 -97.3273 -20.7083
4 -97.6651 -21.07
5 -97.9254 -21.5698
6 -98.1069 -22.1999
7 -98.2175 -22.93
8 -98.2671 -23.7106
9 -98.2635 -24.4856
10 -98.21 -25.2104
11 -98.1064 -25.8623
12 -97.9519 -26.4454
13 -97.749 -26.9825
14 -97.5058 -27.502
15 -97.2391 -28.0213
16 -96.9729 -28.5356
17 -96.7367 -29.0144
18 -96.5582 -29.4122
19 -96.4557 -29.6846
20 -96.4324 -29.806
21 -96.4756 -29.7828
22 -96.5595 -29.6534
23 -96.6529 -29.4768
24 -96.7254 -29.313
25 -96.7535 -29.2051
26 -96.7247 -29.167
27 -96.6381 -29.1829
28 -96.504 -29.2159
29 -96.3388 -29.2254
30 -96.1577 -29.1841
31 -95.9697 -29.0899
32 -95.7729 -28.9684
33 -95.5552 -28.864
34 -95.301 -28.8227
35 -95.002 -28.8763
36 -94.6677 -29.0285
37 -94.3326 -29.2504
38 -94.055 -29.4875
39 -93.9048 -29.6753
40 -93.9459 -29.7586
41 -94.2163 -29.7089
42 -94.7163 -29.533
43 -95.4121 -29.2688
44 -96.2501 -28.9712
45 -97.174 -28.6937
46 -98.139 -28.4716
47 -99.1148 -28.3145
48 -100.082 -28.2078
49 -101.025 -28.1238
50 -101.927 -28.0363
51 -102.771 -27.9327
52 -103.54 -27.8209
53 -104.223 -27.7257
54 -104.807 -27.679
55 -105.283 -27.7052
56 -105.639 -27.8106
57 -105.862 -27.9788
58 -105.937 -28.174
59 -105.861 -28.3509
60 -105.642 -28.4683
61 -105.309 -28.4994
62 -104.903 -28.4363
63 -104.471 -28.2885
64 -104.05 -28.0747
65 -103.661 -27.814
66 -103.313 -27.5186
67 -103.008 -27.1931
68 -102.745 -26.8358
69 -102.525 -26.4457
70 -102.345 -26.0292
71 -102.198 -25.603
72 -102.072 -25.1928
73 -101.951 -24.8278
74 -101.82 -24.5315
75 -101.678 -24.314
76 -101.531 -24.1667
77 -101.398 -24.0634
78 -101.302 -23.9685
79 -101.261 -23.8488
80 -101.281 -23.6858
81 -101.353 -23.483
82 -101.456 -23.2637
83 -101.571 -23.0624
84 -101.683 -22.9108
85 -101.79 -22.8253
86 -101.901 -22.8008
87 -102.028 -22.8136
88 -102.179 -22.8325
89 -102.351 -22.8332
90 -102.529 -22.8123
91 -102.687 -22.7919
92 -102.798 -22.8153
93 -102.839 -22.9333
94 -102.796 -23.186
95 -102.672 -23.5883
96 -102.481 -24.1206
97 -102.248 -24.7326
98 -102.002 -25.3564
99 -101.766 -25.9266
100 -101.552 -26.4006
101 -101.359 -26.7706
102 -101.169 -27.0633
103 -100.955 -27.3272
104 -100.695 -27.6122
105 -100.373 -27.9507
106 -99.9913 -28.3464
107 -99.5713 -28.774
108 -99.149 -29.1891
109 -98.7652 -29.5443
110 -98.4506 -29.809
111 -98.2164 -29.9802
112 -98.0517 -30.0852
113 -97.9296 -30.1713
114 -97.8191 -30.2894
115 -97.6963 -30.4761
116 -97.5512 -30.7398
117 -97.3898 -31.0556
118 -97.2288 -31.3722
119 -97.0891 -31.6266
120 -96.9896 -31.7625
121 -96.9408 -31.7475
122 -96.942 -31.5817
123 -96.9798 -31.2959
124 -97.0301 -30.9404
125 -97.0608 -30.5684
126 -97.0378 -30.222
127 -96.9323 -29.924
128 -96.7264 -29.6761
129 -96.4189 -29.4657
130 -96.0257 -29.277
131 -95.5747 -29.1011
132 -95.0962 -28.9438
133 -94.6141 -28.8268
134 -94.1424 -28.7804
135 -93.6851 -28.8335
136 -93.2461 -29.0024
137 -92.8388 -29.2824
138 -92.4914 -29.6472
139 -92.2459 -30.0525
140 -92.1504 -30.4473
141 -92.2471 -30.7845
142 -92.5632 -31.0304
143 -93.1062 -31.1674
144 -93.8664 -31.1921
145 -94.8212 -31.1103
146 -95.9398 -30.9298
147 -97.184 -30.6583
148 -98.5095 -30.3043
149 -99.8675 -29.8795
150 -101.206 -29.4052
151 -102.478 -28.9132
152 -103.649 -28.4437
153 -104.699 -28.0409
154 -105.621 -27.7445
155 -106.417 -27.5816
156 -107.09 -27.5633
157 -107.635 -27.6847
158 -108.041 -27.9302
159 -108.288 -28.2812
160 -108.352 -28.7232
161 -108.215 -29.251
162 -107.868 -29.8682
163 -107.313 -30.5807
164 -106.564 -31.3884
165 -105.644 -32.2798
166 -104.58 -33.2283
167 -103.408 -34.1921
168 -102.162 -35.1275
169 -100.872 -36.0002
170 -99.5665 -36.7924
171 -98.2681 -37.5104
172 -96.9915 -38.1804
173 -95.7462 -38.84
174 -94.5424 -39.5229
175 -93.4004 -40.2441
176 -92.3527 -40.9924
177 -91.4427 -41.7316
178 -90.7152 -42.411
179 -90.2028 -42.9827
180 -89.9134 -43.4175
181 -89.8241 -43.7153
182 -89.8855 -43.9047
183 -90.0339 -44.0328
184 -90.204 -44.1504
185 -90.3413 -44.2957
186 -90.4068 -44.485
187 -90.3778 -44.709
188 -90.2465 -44.9397
189 -90.0162 -45.141
190 -89.6991 -45.2831
191 -89.3107 -45.3543
192 -88.8645 -45.367
193 -88.3697 -45.354
194 -87.83 -45.3585
195 -87.246 -45.4186
196 -86.6224 -45.5541
197 -85.9773 -45.7583
198 -85.3448 -45.9996
199 -84.7714 -46.2323
200 -84.3071 -46.4109
201 -83.991 -46.5054
202 -83.8398 -46.5092
203 -83.8426 -46.4386
204 -83.9659 -46.3242
205 -84.1641 -46.1986
206 -84.3923 -46.0863
207 -84.6143 -45.9977
208 -84.807 -45.9299
209 -84.9589 -45.8718
210 -85.0662 -45.8111
211 -85.1276 -45.7418
212 -85.1401 -45.668
213 -85.0962 -45.6048
214 -84.9827 -45.5752
215 -84.7819 -45.604
216 -84.4731 -45.7116
217 -84.0355 -45.9101
218 -83.4528 -46.2012
219 -82.7175 -46.578
220 -81.8349 -47.0291
221 -80.8245 -47.5421
222 -79.7173 -48.1072
223 -78.5547 -48.7148
224 -77.384 -49.3522
225 -76.2473 -50.003
226 -75.1808 -50.6444
227 -74.2109 -51.2497
228 -73.3566 -51.7915
229 -72.6295 -52.2463
230 -72.0305 -52.6024
231 -71.5514 -52.8606
232 -71.1795 -53.0321
233 -70.9015 -53.1332
234 -70.7097 -53.1782
235 -70.6029 -53.1755
236 -70.5873 -53.1259
237 -70.6725 -53.0259
238 -70.8635 -52.8739
239 -71.1539 -52.6776
240 -71.5218 -52.4585
241 -71.9308 -52.2526
242 -72.3371 -52.1033
243 -72.7018 -52.0521
244 -73.0017 -52.1276
245 -73.2344 -52.3372
246 -73.4196 -52.6632
247 -73.5958 -53.065
248 -73.8088 -53.4895
249 -74.0997 -53.8828
250 -74.4949 -54.2035
251 -75.0013 -54.431
252 -75.6066 -54.5656
253 -76.2901 -54.6221
254 -77.0314 -54.6202
255 -77.8134 -54.5736
256 -78.6268 -54.4827
257 -79.4669 -54.3353
258 -80.3268 -54.1128
259 -81.1929 -53.8001
260 -82.0404 -53.3984
261 -82.8335 -52.932
262 -83.5275 -52.4507
263 -84.0771 -52.0214
264 -84.4441 -51.714
265 -84.6005 -51.5874
266 -84.5363 -51.6765
267 -84.2619 -51.9839
268 -83.8067 -52.483
269 -83.2151 -53.1274
270 -82.5381 -53.8621
271 -81.8245 -54.6382
272 -81.1144 -55.4178
273 -80.4345 -56.1773
274 -79.7993 -56.902
275 -79.2188 -57.5756
276 -78.7031 -58.1745
277 -78.2688 -58.6633
278 -77.9375 -58.9992
279 -77.7346 -59.1382
280 -77.6835 -59.0446
281 -77.7999 -58.6996
282 -78.0847 -58.1088
283 -78.5206 -57.3052
284 -79.0744 -56.3451
285 -79.7016 -55.2991
286 -80.3549 -54.2399
287 -80.9901 -53.2335
288 -81.5749 -52.3269
289 -82.0914 -51.5464
290 -82.533 -50.9048
291 -82.9025 -50.4071
292 -83.2077 -50.057
293 -83.4548 -49.8614
294 -83.6453 -49.829
295 -83.7754 -49.966
296 -83.8352 -50.2707
297 -83.8123 -50.7313
298 -83.6948 -51.3237
299 -83.4761 -52.0142
300 -83.159 -52.7645
301 -82.7576 -53.5345
302 -82.2958 -54.2855
303 -81.804 -54.9792
304 -81.3152 -55.5777
305 -80.8588 -56.0463
306 -80.459 -56.3546
307 -80.1337 -56.4805
308 -79.8965 -56.412
309 -79.757 -56.1496
310 -79.7212 -55.7058
311 -79.7909 -55.1039
312 -79.9634 -54.3753
313 -80.2316 -53.5552
314 -80.5842 -52.6789
315 -81.0063 -51.7794
316 -81.4792 -50.8854
317 -81.9802 -50.021
318 -82.4801 -49.2099
319 -82.9423 -48.4785
320 -83.3266 -47.8564
321 -83.5922 -47.3764
322 -83.7054 -47.0696
323 -83.6454 -46.9576
324 -83.4081 -47.0443
325 -83.0074 -47.311
326 -82.4726 -47.7162
327 -81.8455 -48.2014
328 -81.1687 -48.7051
329 -80.4809 -49.1756
330 -79.8149 -49.5768
331 -79.1946 -49.8931
332 -78.6362 -50.1262
333 -78.1506 -50.2888
334 -77.7464 -50.3954
335 -77.4343 -50.4543
336 -77.2272 -50.4642
337 -77.1375 -50.4148
338 -77.1736 -50.2932
339 -77.3332 -50.0919
340 -77.5985 -49.817
341 -77.9339 -49.4925
342 -78.2899 -49.1585
343 -78.6094 -48.8641
344 -78.8378 -48.6567
345 -78.9343 -48.5693
346 -78.879 -48.6124
347 -78.6759 -48.7727
348 -78.3503 -49.0169
349 -77.9416 -49.3015
350 -77.4933 -49.5843
351 -77.0437 -49.8341
352 -76.6183 -50.0353
353 -76.2301 -50.1862
354 -75.885 -50.2908
355 -75.5873 -50.3518
356 -75.3475 -50.3631
357 -75.1842 -50.3092
358 -75.122 -50.1694
359 -75.1822 -49.9264
360 -75.3731 -49.5755
361 -75.6823 -49.1301
362 -76.0763 -48.6232
363 -76.5072 -48.0987
364 -76.9248 -47.603
365 -77.2861 -47.1763
366 -77.5639 -46.8457
367 -77.7486 -46.6225
368 -77.8455 -46.5051
369 -77.8683 -46.4853
370 -77.8345 -46.5511
371 -77.7594 -46.6938
372 -77.6534 -46.9094
373 -77.5225 -47.1972
374 -77.3693 -47.5559
375 -77.1947 -47.9816
376 -76.9997 -48.4639
377 -76.7866 -48.9861
378 -76.5594 -49.5259
379 -76.3218 -50.0598
380 -76.0781 -50.5656
381 -75.8299 -51.0264
382 -75.5766 -51.4308
383 -75.3148 -51.7724
384 -75.0389 -52.0494
385 -74.7429 -52.2625
386 -74.4229 -52.4131
387 -74.0792 -52.5023
388 -73.7173 -52.5302
389 -73.3482 -52.4965
390 -72.9862 -52.4021
391 -72.6475 -52.2519
392 -72.347 -52.0559
393 -72.096 -51.8283
394 -71.9002 -51.5848
395 -71.7602 -51.3404
396 -71.6715 -51.106
397 -71.6249 -50.8894
398 -71.6063 -50.6974
399 -71.5963 -50.5405
400 -71.5717 -50.4373
401 -71.5072 -50.4144
402 -71.38 -50.502
403 -71.1748 -50.7254
404 -70.8893 -51.0943
405 -70.5376 -51.5965
406 -70.15 -52.1959
407 -69.7679 -52.8395
408 -69.4358 -53.4683
409 -69.1938 -54.0295
410 -69.0715 -54.4829
411 -69.0878 -54.8033
412 -69.2538 -54.9762
413 -69.5763 -54.9907
414 -70.0595 -54.8354
415 -70.7049 -54.4981
416 -71.5071 -53.9685
417 -72.4497 -53.2422
418 -73.5007 -52.3284
419 -74.612 -51.2533
420 -75.7259 -50.0606
421 -76.7799 -48.8109
422 -77.7124 -47.58
423 -78.4714 -46.4481
424 -79.0183 -45.4918
425 -79.3266 -44.7777
426 -79.383 -44.3531
427 -79.1861 -44.241
428 -78.7443 -44.442
429 -78.0734 -44.9399
430 -77.193 -45.7093
431 -76.1248 -46.7214
432 -74.8909 -47.9464
433 -73.5159 -49.3494
434 -72.0314 -50.8837
435 -70.4797 -52.4865
436 -68.9179 -54.0773
437 -67.4162 -55.5642
438 -66.0532 -56.8524
439 -64.9046 -57.8563
440 -64.0253 -58.5125
441 -63.4404 -58.7866
442 -63.1409 -58.6746
443 -63.0884 -58.2021
444 -63.2268 -57.4182
445 -63.4978 -56.3886
446 -63.8486 -55.1869
447 -64.2384 -53.8854
448 -64.6355 -52.5502
449 -65.0143 -51.2395
450 -65.3483 -50.0064
451 -65.608 -48.9025
452 -65.7578 -47.9813
453 -65.7603 -47.2919
454 -65.5816 -46.8722
455 -65.1949 -46.7447
456 -64.5868 -46.9104
457 -63.7604 -47.3466
458 -62.7375 -48.0117
459 -61.5572 -48.8507
460 -60.2759 -49.8018
461 -58.9591 -50.8027
462 -57.6742 -51.7942
463 -56.48 -52.7245
464 -55.4224 -53.5504
465 -54.5361 -54.2364
466 -53.8468 -54.7569
467 -53.3759 -55.0944
468 -53.1417 -55.2403
469 -53.1583 -55.1939
470 -53.4372 -54.9596
471 -53.9816 -54.5477
472 -54.7823 -53.9749
473 -55.8177 -53.264
474 -57.0522 -52.4424
475 -58.437 -51.5425
476 -59.9121 -50.5995
477 -61.4092 -49.6495
478 -62.8571 -48.7294
479 -64.188 -47.8747
480 -65.3443 -47.1185
481 -66.2842 -46.488
482 -66.9846 -46.0018
483 -67.4404 -45.6651
484 -67.6613 -45.4686
485 -67.6687 -45.3872
486 -67.4898 -45.3871
487 -67.1532 -45.4325
488 -66.6846 -45.4948
489 -66.1057 -45.5575
490 -65.436 -45.6154
491 -64.6959 -45.6704
492 -63.9101 -45.7223
493 -63.112 -45.7617
494 -62.3459 -45.7651
495 -61.6648 -45.6967
496 -61.1227 -45.5163
497 -60.7633 -45.1907
498 -60.6082 -44.7071
499 -60.6481 -44.0811
500 -60.8428 -43.3557
501 -61.1306 -42.5928
502 -61.447 -41.8595
503 -61.7405 -41.2114
504 -61.9857 -40.6799
505 -62.1868 -40.2678
506 -62.3719 -39.952
507 -62.5811 -39.6939
508 -62.8523 -39.4536
509 -63.209 -39.2035
510 -63.654 -38.9356
511 -64.1717 -38.6621
512 -64.7369 -38.407
513 -65.3228 -38.1955
514 -65.9088 -38.0419
515 -66.4862 -37.9417
516 -67.0562 -37.8703
517 -67.6257 -37.7884
518 -68.2024 -37.652
519 -68.7891 -37.424
520 -69.3812 -37.0848
521 -69.9639 -36.6377
522 -70.5123 -36.1097
523 -70.9944 -35.5438
524 -71.375 -34.989
525 -71.6231 -34.4866
526 -71.7184 -34.0611
527 -71.6564 -33.7164
528 -71.4504 -33.4404
529 -71.1271 -33.2151
530 -70.7204 -33.026
531 -70.2612 -32.8714
532 -69.7707 -32.7628
533 -69.2576 -32.72
534 -68.7233 -32.7619
535 -68.1689 -32.8973
536 -67.6038 -33.1201
537 -67.0484 -33.4077
538 -66.5343 -33.7262
539 -66.0969 -34.0367
540 -65.7698 -34.3012
541 -65.5778 -34.4876
542 -65.5352 -34.5726
543 -65.6452 -34.5422
544 -65.9012 -34.3926
545 -66.2887 -34.1282
546 -66.7845 -33.7614
547 -67.3572 -33.3103
548 -67.9696 -32.797
549 -68.5826 -32.2462
550 -69.1587 -31.6847
551 -69.666 -31.1388
552 -70.0797 -30.6333
553 -70.3793 -30.1897
554 -70.5445 -29.8261
555 -70.5513 -29.5564
556 -70.3697 -29.3923
557 -69.9668 -29.3445
558 -69.3114 -29.4247
559 -68.3829 -29.6457
560 -67.1789 -30.0202
561 -65.7186 -30.5576
562 -64.0392 -31.2605
563 -62.1985 -32.1155
564 -60.2733 -33.0889
565 -58.3509 -34.1271
566 -56.5265 -35.1622
567 -54.893 -36.1227
568 -53.5326 -36.9451
569 -52.5064 -37.584
570 -51.848 -38.0164
571 -51.5632 -38.24
572 -51.6346 -38.2667
573 -52.0312 -38.1134
574 -52.7151 -37.7961
575 -53.6469 -37.3248
576 -54.7848 -36.7068
577 -56.0837 -35.9505
578 -57.4863 -35.075
579 -58.9233 -34.1153
580 -60.3234 -33.1196
581 -61.6198 -32.1447
582 -62.7588 -31.2472
583 -63.7038 -30.4755
584 -64.4355 -29.8631
585 -64.9487 -29.4261
586 -65.2467 -29.1656
587 -65.3371 -29.0734
588 -65.2275 -29.1389
589 -64.9237 -29.3541
590 -64.4293 -29.7167
591 -63.7475 -30.2279
592 -62.8818 -30.888
593 -61.8407 -31.6896
594 -60.6405 -32.6125
595 -59.3082 -33.6219
596 -57.883 -34.6709
597 -56.4125 -35.7085
598 -54.9522 -36.6842
599 -53.5604 -37.5547
600 -52.2862 -38.2909
601 -51.1692 -38.8761
602 -50.2407 -39.3011
603 -49.5256 -39.5611
604 -49.047 -39.6512
605 -48.8305 -39.5636
606 -48.8995 -39.2905
607 -49.268 -38.8299
608 -49.9321 -38.1916
609 -50.8645 -37.4044
610 -52.0124 -36.52
611 -53.3044 -35.6099
612 -54.6596 -34.7568
613 -56.0006 -34.0419
614 -57.2616 -33.5316
615 -58.3926 -33.2682
616 -59.3597 -33.2669
617 -60.1385 -33.5189
618 -60.716 -34.0003
619 -61.0874 -34.6815
620 -61.2507 -35.5314
621 -61.2093 -36.5193
622 -60.9734 -37.6116
623 -60.5619 -38.7681
624 -60.0052 -39.9389
625 -59.347 -41.0656
626 -58.6438 -42.0866
627 -57.963 -42.9428
628 -57.3737 -43.5888
629 -56.938 -43.9976
630 -56.7022 -44.1619
631 -56.688 -44.0955
632 -56.8911 -43.8302
633 -57.2822 -43.411
634 -57.8155 -42.8903
635 -58.4365 -42.3219
636 -59.0893 -41.7566
637 -59.7223 -41.2386
638 -60.2882 -40.807
639 -60.7454 -40.4964
640 -61.0637 -40.334
641 -61.2242 -40.34
642 -61.2207 -40.5243
643 -61.0593 -40.8841
644 -60.7574 -41.4012
645 -60.3406 -42.0425
646 -59.8406 -42.7637
647 -59.2934 -43.5146
648 -58.736 -44.2475
649 -58.2054 -44.921
650 -57.7397 -45.5003
651 -57.3752 -45.9562
652 -57.1434 -46.2651
653 -57.0679 -46.4071
654 -57.1608 -46.368
655 -57.4184 -46.1439
656 -57.8194 -45.7462
657 -58.3266 -45.2035
658 -58.8915 -44.563
659 -59.462 -43.8859
660 -59.9909 -43.2393
661 -60.444 -42.6848
662 -60.8048 -42.2677
663 -61.0763 -42.0087
664 -61.277 -41.9012
665 -61.4374 -41.9141
666 -61.5903 -42.0027
667 -61.7642 -42.1208
668 -61.9779 -42.2318
669 -62.2399 -42.314
670 -62.5515 -42.3594
671 -62.9131 -42.3654
672 -63.3284 -42.3261
673 -63.8105 -42.2255
674 -64.3826 -42.0356
675 -65.0703 -41.7217
676 -65.8952 -41.2516
677 -66.8646 -40.6078
678 -67.9667 -39.7944
679 -69.1691 -38.8405
680 -70.4208 -37.7991
681 -71.6645 -36.7377
682 -72.8478 -35.7243
683 -73.9317 -34.817
684 -74.8943 -34.054
685 -75.7302 -33.4486
686 -76.4451 -32.993
687 -77.0485 -32.6674
688 -77.5453 -32.4533
689 -77.9312 -32.3443
690 -78.1911 -32.3515
691 -78.3004 -32.5011
692 -78.2295 -32.8243
693 -77.9496 -33.3431
694 -77.4389 -34.058
695 -76.6882 -34.9416
696 -75.7042 -35.9404
697 -74.5136 -36.9827
698 -73.158 -37.994
699 -71.6886 -38.9102
700 -70.1601 -39.6846
701 -68.6215 -40.2925
702 -67.1106 -40.7289
703 -65.6575 -41.0019
704 -64.2906 -41.1231
705 -63.0391 -41.1026
706 -61.9391 -40.9429
707 -61.0321 -40.6397
708 -60.3595 -40.1875
709 -59.9537 -39.5877
710 -59.8239 -38.8563
711 -59.9527 -38.0289
712 -60.2979 -37.1586
713 -60.7991 -36.312
714 -61.3885 -35.5575
715 -61.9994 -34.9547
716 -62.5729 -34.5467
717 -63.0599 -34.3576
718 -63.4223 -34.3939
719 -63.6349 -34.6483
720 -63.6838 -35.1037
721 -63.5673 -35.7357
722 -63.2939 -36.5129
723 -62.879 -37.3997
724 -62.3412 -38.358
725 -61.7001 -39.3501
726 -60.9754 -40.342
727 -60.1884 -41.3059
728 -59.3672 -42.217
729 -58.5498 -43.05
730 -57.7808 -43.7778
731 -57.1095 -44.3672
732 -56.5843 -44.7789
733 -56.2479 -44.97
734 -56.1319 -44.9
735 -56.2506 -44.5411
736 -56.5988 -43.8865
737 -57.1523 -42.9535
738 -57.8679 -41.7903
739 -58.6884 -40.4736
740 -59.555 -39.0949
741 -60.4138 -37.7512
742 -61.2273 -36.5275
743 -61.9732 -35.4896
744 -62.6453 -34.677
745 -63.2507 -34.0974
746 -63.7997 -33.7391
747 -64.2964 -33.584
748 -64.7364 -33.6193
749 -65.1064 -33.8433
750 -65.3872 -34.2639
751 -65.5623 -34.8879
752 -65.6259 -35.7065
753 -65.588 -36.6873
754 -65.4758 -37.7719
755 -65.3299 -38.8797
756 -65.1962 -39.9229
757 -65.1166 -40.8226
758 -65.1197 -41.5233
759 -65.216 -41.9987
760 -65.3978 -42.2501
761 -65.6455 -42.3004
762 -65.935 -42.1835
763 -66.2444 -41.9356
764 -66.5592 -41.5859
765 -66.8745 -41.1532
766 -67.1923 -40.647
767 -67.5171 -40.0717
768 -67.8489 -39.4362
769 -68.1774 -38.7606
770 -68.4817 -38.077
771 -68.7327 -37.4286
772 -68.8997 -36.8619
773 -68.9585 -36.4174
774 -68.8987 -36.1207
775 -68.7275 -35.978
776 -68.4687 -35.9772
777 -68.1588 -36.0936
778 -67.8383 -36.2998
779 -67.5443 -36.5741
780 -67.3041 -36.9053
781 -67.1342 -37.291
782 -67.0447 -37.7325
783 -67.0445 -38.2247
784 -67.1457 -38.7501
785 -67.364 -39.2797
786 -67.7146 -39.7759
787 -68.2067 -40.2007
788 -68.8374 -40.5231
789 -69.5894 -40.7218
790 -70.4333 -40.7867
791 -71.3324 -40.7139
792 -72.2479 -40.5017
793 -73.1427 -40.1498
794 -73.9843 -39.6611
795 -74.7442 -39.0458
796 -75.4002 -38.3241
797 -75.9363 -37.5255
798 -76.3436 -36.6881
799 -76.6184 -35.8555
800 -76.7639 -35.0699
801 -76.7868 -34.3699
802 -76.6953 -33.7871
803 -76.4973 -33.3437
804 -76.2009 -33.0514
805 -75.8152 -32.9133
806 -75.3505 -32.9258
807 -74.817 -33.084
808 -74.2256 -33.3838
809 -73.5865 -33.8233
810 -72.9069 -34.3998
811 -72.1934 -35.104
812 -71.4545 -35.9136
813 -70.7042 -36.788
814 -69.9629 -37.6692
815 -69.2562 -38.4893
816 -68.6099 -39.1815
817 -68.0457 -39.6921
818 -67.5769 -39.9898
819 -67.2058 -40.0696
820 -66.9269 -39.9493
821 -66.7285 -39.6631
822 -66.5986 -39.2524
823 -66.5272 -38.7568
824 -66.506 -38.2095
825 -66.529 -37.6377
826 -66.5881 -37.0662
827 -66.6714 -36.5227
828 -66.7623 -36.0402
829 -66.8416 -35.6554
830 -66.8919 -35.4041
831 -66.9024 -35.311
832 -66.8729 -35.3807
833 -66.8145 -35.5929
834 -66.7463 -35.9033
835 -66.6926 -36.2503
836 -66.6777 -36.567
837 -66.7229 -36.7931
838 -66.8451 -36.8829
839 -67.0565 -36.8105
840 -67.364 -36.5677
841 -67.7691 -36.1595
842 -68.267 -35.5986
843 -68.8469 -34.9001
844 -69.492 -34.0797
845 -70.1829 -33.1521
846 -70.8976 -32.1349
847 -71.6108 -31.0547
848 -72.2945 -29.9485
849 -72.9179 -28.8654
850 -73.4475 -27.8655
851 -73.8497 -27.0122
852 -74.0964 -26.362
853 -74.1702 -25.9542
854 -74.0676 -25.8044
855 -73.8 -25.904
856 -73.3912 -26.2239
857 -72.8739 -26.7223
858 -72.2823 -27.355
859 -71.6487 -28.0811
860 -71.0016 -28.8642
861 -70.3667 -29.6715
862 -69.7698 -30.469
863 -69.2395 -31.2188
864 -68.8063 -31.879
865 -68.5003 -32.4067
866 -68.3446 -32.7644
867 -68.3504 -32.9254
868 -68.5146 -32.8769
869 -68.8206 -32.62
870 -69.2422 -32.1663
871 -69.7485 -31.5352
872 -70.3069 -30.7512
873 -70.8845 -29.8439
874 -71.447 -28.8497
875 -71.9587 -27.8108
876 -72.3828 -26.7761
877 -72.6845 -25.8003
878 -72.8368 -24.9359
879 -72.8254 -24.2287
880 -72.6482 -23.7183
881 -72.3143 -23.4312
882 -71.8405 -23.3773
883 -71.249 -23.55
884 -70.5644 -23.9285
885 -69.81 -24.4833
886 -69.008 -25.1834
887 -68.1805 -26.0018
888 -67.3476 -26.9198
889 -66.5267 -27.9257
890 -65.7374 -29.0049
891 -65.0009 -30.1327
892 -64.34 -31.2707
893 -63.7842 -32.3614
894 -63.3679 -33.334
895 -63.1247 -34.121
896 -63.0822 -34.6689
897 -63.2552 -34.9507
898 -63.6411 -34.9667
899 -64.2184 -34.7433
900 -64.9523 -34.3259
901 -65.8014 -33.7666
902 -66.7255 -33.1141
903 -67.6935 -32.4042
904 -68.685 -31.6585
905 -69.6846 -30.8898
906 -70.6779 -30.1084
907 -71.6445 -29.33
908 -72.5569 -28.579
909 -73.3819 -27.8873
910 -74.0839 -27.2899
911 -74.6324 -26.8154
912 -75.0057 -26.4801
913 -75.193 -26.2832
914 -75.1935 -26.2086
915 -75.0141 -26.2291
916 -74.6668 -26.3134
917 -74.1664 -26.4342
918 -73.5297 -26.5742
919 -72.7744 -26.728
920 -71.9181 -26.9009
921 -70.9788 -27.1031
922 -69.9752 -27.3445
923 -68.9267 -27.6289
924 -67.8548 -27.9529
925 -66.7844 -28.3065
926 -65.7423 -28.6786
927 -64.7545 -29.0619
928 -63.8397 -29.4584
929 -63.006 -29.8796
930 -62.2506 -30.3432
931 -61.5616 -30.8662
932 -60.9244 -31.4568
933 -60.3288 -32.1084
934 -59.7747 -32.7975
935 -59.2737 -33.4875
936 -58.8491 -34.1353
937 -58.5324 -34.6983
938 -58.3603 -35.1388
939 -58.3695 -35.4267
940 -58.5917 -35.5388
941 -59.0498 -35.4583
942 -59.753 -35.1727
943 -60.6944 -34.6753
944 -61.8492 -33.966
945 -63.1771 -33.0541
946 -64.6264 -31.9601
947 -66.1409 -30.7167
948 -67.665 -29.3689
949 -69.1491 -27.9711
950 -70.5513 -26.5852
951 -71.8381 -25.2762
952 -72.9823 -24.109
953 -73.9638 -23.1422
954 -74.7673 -22.4225
955 -75.3799 -21.9839
956 -75.7898 -21.8459
957 -75.9871 -22.0145
958 -75.9638 -22.484
959 -75.717 -23.2378
960 -75.2542 -24.2471
961 -74.5958 -25.471
962 -73.779 -26.8551
963 -72.854 -28.3379
964 -71.8785 -29.8563
965 -70.91 -31.3503
966 -69.9952 -32.769
967 -69.1646 -34.072
968 -68.4287 -35.2301
969 -67.7841 -36.221
970 -67.2239 -37.0208
971 -66.7465 -37.6023
972 -66.3626 -37.9365
973 -66.0947 -37.9987
974 -65.9716 -37.7762
975 -66.0201 -37.2749
976 -66.2561 -36.5222
977 -66.6779 -35.5686
978 -67.2653 -34.4846
979 -67.9827 -33.3547
980 -68.7863 -32.2646
981 -69.6322 -31.29
982 -70.4789 -30.487
983 -71.2911 -29.8873
984 -72.0389 -29.5002
985 -72.6965 -29.3217
986 -73.2423 -29.3439
987 -73.6575 -29.5654
988 -73.9257 -29.9952
989 -74.031 -30.6516
990 -73.9573 -31.5515
991 -73.6883 -32.7004
992 -73.2125 -34.081
993 -72.5291 -35.6488
994 -71.655 -37.3359
995 -70.6302 -39.0595
996 -69.5192 -40.733
997 -68.402 -42.2795
998 -67.3684 -43.6315
999 -66.5037 -44.7342
1000 -65.8734 -45.5531
1001 -65.5196 -46.0702
1002 -65.4625 -46.2812
1003 -65.7051 -46.1933
1004 -66.2356 -45.8239
1005 -67.0277 -45.2022
1006 -68.0376 -44.37
1007 -69.2037 -43.3829
1008 -70.4499 -42.3075
1009 -71.6938 -41.2182
1010 -72.8569 -40.1904
1011 -73.8735 -39.2937
1012 -74.696 -38.5821
1013 -75.2946 -38.0904
1014 -75.6536 -37.8306
1015 -75.7696 -37.7938
1016 -75.6488 -37.9572
1017 -75.3057 -38.2937
1018 -74.7625 -38.7791
1019 -74.0488 -39.3945
1020 -73.2011 -40.1226
1021 -72.2596 -40.9437
1022 -71.2651 -41.8313
1023 -70.2553 -42.7514
1024 -69.2633 -43.6658
1025 -68.3184 -44.5363
1026 -67.4458 -45.3309
1027 -66.6682 -46.0263
1028 -66.0048 -46.6094
1029 -65.4704 -47.0751
1030 -65.0755 -47.4232
1031 -64.8252 -47.6561
1032 -64.7179 -47.7797
1033 -64.7462 -47.8024
1034 -64.8963 -47.7369
1035 -65.1488 -47.6005
1036 -65.4804 -47.4147
1037 -65.8666 -47.204
1038 -66.2851 -46.9938
1039 -66.7177 -46.8068
1040 -67.151 -46.6603
1041 -67.5752 -46.5649
1042 -67.982 -46.5246
1043 -68.3623 -46.5401
1044 -68.7046 -46.6133
1045 -68.9926 -46.7521
1046 -69.2066 -46.9723
1047 -69.3257 -47.2941
1048 -69.3312 -47.7367
1049 -69.2131 -48.3087
1050 -68.976 -49.0003
1051 -68.6425 -49.7807
1052 -68.2544 -50.601
1053 -67.8684 -51.4016
1054 -67.5457 -52.1232
1055 -67.3387 -52.7184
1056 -67.2785 -53.1601
1057 -67.368 -53.445
1058 -67.5849 -53.592
1059 -67.8903 -53.6359
1060 -68.2414 -53.6152
1061 -68.6027 -53.563
1062 -68.9517 -53.4993
1063 -69.2782 -53.4313
1064 -69.5792 -53.3569
1065 -69.8493 -53.274
1066 -70.0766 -53.1887
1067 -70.2393 -53.1197
1068 -70.3101 -53.0964
1069 -70.2633 -53.1513
1070 -70.0833 -53.3094
1071 -69.7718 -53.5787
1072 -69.3519 -53.944
1073 -68.8664 -54.3705
1074 -68.3726 -54.81
1075 -67.9348 -55.211
1076 -67.6142 -55.5298
1077 -67.4607 -55.7365
1078 -67.5055 -55.8185
1079 -67.7607 -55.7768
1080 -68.2211 -55.6196
1081 -68.8687 -55.3557
1082 -69.6777 -54.9898
1083 -70.6153 -54.5236
1084 -71.6429 -53.9588
1085 -72.719 -53.3032
1086 -73.7982 -52.5779
1087 -74.8303 -51.8209
1088 -75.7622 -51.0866
1089 -76.5402 -50.4384
1090 -77.1159 -49.9371
1091 -77.4526 -49.629
1092 -77.5315 -49.5358
1093 -77.3572 -49.6524
1094 -76.9581 -49.9493
1095 -76.3841 -50.3818
1096 -75.6988 -50.9002
1097 -74.97 -51.4597
1098 -74.2596 -52.0258
1099 -73.6182 -52.5761
1100 -73.0828 -53.0972
1101 -72.6786 -53.58
1102 -72.4233 -54.0149
1103 -72.3296 -54.3865
1104 -72.4051 -54.6735
1105 -72.6502 -54.8525
1106 -73.0553 -54.9007
1107 -73.6017 -54.8024
1108 -74.2634 -54.5522
1109 -75.0118 -54.1572
1110 -75.8218 -53.6356
1111 -76.6747 -53.0117
1112 -77.5562 -52.3136
1113 -78.4568 -51.5645
1114 -79.368 -50.7818
1115 -80.2764 -49.9814
1116 -81.1644 -49.1795
1117 -82.0106 -48.3963
1118 -82.7955 -47.6549
1119 -83.5028 -46.9783
1120 -84.1189 -46.3864
1121 -84.6325 -45.8925
1122 -85.0321 -45.5018
1123 -85.3033 -45.2146
1124 -85.428 -45.0318
1125 -85.3856 -44.9584
1126 -85.1565 -45.0064
1127 -84.7241 -45.1924
1128 -84.0814 -45.5311
1129 -83.2344 -46.026
1130 -82.2054 -46.6627
1131 -81.0364 -47.4059
1132 -79.7929 -48.1998
1133 -78.5532 -48.9802
1134 -77.3996 -49.6862
1135 -76.4113 -50.2665
1136 -75.648 -50.6901
1137 -75.1413 -50.9487
1138 -74.8949 -51.0534
1139 -74.8914 -51.0257
1140 -75.1032 -50.89
1141 -75.5021 -50.6649
1142 -76.064 -50.3617
1143 -76.766 -49.9854
1144 -77.5793 -49.5416
1145 -78.4621 -49.0421
1146 -79.3576 -48.5097
1147 -80.1981 -47.9782
1148 -80.9137 -47.4895
1149 -81.4442 -47.0857
1150 -81.7486 -46.7999
1151 -81.8105 -46.6471
1152 -81.6381 -46.619
1153 -81.2614 -46.6847
1154 -80.7271 -46.797
1155 -80.0922 -46.9045
1156 -79.4155 -46.9643
1157 -78.75 -46.9527
1158 -78.1337 -46.8692
1159 -77.5878 -46.7319
1160 -77.1193 -46.5677
1161 -76.7278 -46.4002
1162 -76.4136 -46.242
1163 -76.1829 -46.0896
1164 -76.0486 -45.9286
1165 -76.0268 -45.7439
1166 -76.1278 -45.5279
1167 -76.3468 -45.2892
1168 -76.6618 -45.0509
1169 -77.0372 -44.8445
1170 -77.4313 -44.7018
1171 -77.8072 -44.6452
1172 -78.1417 -44.6807
1173 -78.4287 -44.7962
1174 -78.6787 -44.9639
1175 -78.9132 -45.1443
1176 -79.1576 -45.2946
1177 -79.4342 -45.376
1178 -79.7554 -45.3608
1179 -80.1198 -45.2372
1180 -80.5105 -45.0101
1181 -80.8963 -44.6985
1182 -81.2361 -44.3313
1183 -81.4831 -43.9428
1184 -81.5939 -43.5675
1185 -81.5373 -43.2363
1186 -81.2989 -42.9746
1187 -80.8838 -42.8014
1188 -80.3112 -42.7297
1189 -79.6089 -42.765
1190 -78.8078 -42.9064
1191 -77.9357 -43.1451
1192 -77.0152 -43.4641
1193 -76.0653 -43.8407
1194 -75.1026 -44.2482
1195 -74.1435 -44.6608
1196 -73.2064 -45.0569
1197 -72.3115 -45.4192
1198 -71.4816 -45.7342
1199 -70.7407 -45.9878
1200 -70.11 -46.1642
1201 -69.6071 -46.2429
1202 -69.2434 -46.2018
1203 -69.02 -46.0223
1204 -68.9238 -45.6977
1205 -68.9272 -45.2387
1206 -68.9886 -44.6774
1207 -69.0597 -44.0643
1208 -69.0968 -43.4559
1209 -69.0735 -42.9017
1210 -68.9909 -42.43
1211 -68.8805 -42.0395
1212 -68.7983 -41.6989
1213 -68.8088 -41.3594
1214 -68.9644 -40.9713
1215 -69.2867 -40.5007
1216 -69.7611 -39.9395
1217 -70.3434 -39.3028
1218 -70.9759 -38.6201
1219 -71.6053 -37.9198
1220 -72.1958 -37.2167
1221 -72.7296 -36.5083
1222 -73.201 -35.7795
1223 -73.6082 -35.0109
1224 -73.9465 -34.1902
1225 -74.203 -33.3232
1226 -74.3588 -32.4372
1227 -74.3913 -31.5789
1228 -74.2785 -30.8023
1229 -74.0038 -30.1577
1230 -73.5602 -29.6812
1231 -72.955 -29.3851
1232 -72.214 -29.2547
1233 -71.3833 -29.2518
1234 -70.527 -29.3229
1235 -69.7166 -29.4118
1236 -69.0173 -29.473
1237 -68.4707 -29.4815
1238 -68.0903 -29.4357
1239 -67.8642 -29.3508
1240 -67.7643 -29.2469
1241 -67.7635 -29.1346
1242 -67.8484 -29.0037
1243 -68.0227 -28.8229
1244 -68.3027 -28.5446
1245 -68.7069 -28.119
1246 -69.2445 -27.5084
1247 -69.9071 -26.7004
1248 -70.6675 -25.7122
1249 -71.4833 -24.5883
1250 -72.3047 -23.3896
1251 -73.0817 -22.1796
1252 -73.7723 -21.0076
1253 -74.3412 -19.9075
1254 -74.7611 -18.8973
1255 -75.018 -17.9789
1256 -75.1089 -17.1507
1257 -75.0396 -16.4177
1258 -74.8212 -15.795
1259 -74.4657 -15.3067
1260 -73.9825 -14.9822
1261 -73.3783 -14.846
1262 -72.659 -14.9111
1263 -71.8362 -15.1716
1264 -70.9322 -15.6011
1265 -69.9845 -16.1532
1266 -69.0447 -16.7675
1267 -68.1718 -17.3771
1268 -67.4292 -17.9133
1269 -66.8761 -18.3138
1270 -66.5535 -18.5327
1271 -66.4831 -18.5432
1272 -66.6652 -18.3379
1273 -67.0802 -17.9265
1274 -67.692 -17.3306
1275 -68.4534 -16.5791
1276 -69.3124 -15.7052
1277 -70.22 -14.743
1278 -71.1347 -13.7275
1279 -72.0251 -12.6918
1280 -72.8703 -11.6664
1281 -73.6553 -10.6796
1282 -74.3661 -9.75942
1283 -74.9867 -8.93341
1284 -75.497 -8.23042
1285 -75.8728 -7.68292
1286 -76.089 -7.32527
1287 -76.1225 -7.19141
1288 -75.9573 -7.30794
1289 -75.5867 -7.68686
1290 -75.0176 -8.3185
1291 -74.2718 -9.16746
1292 -73.3864 -10.1747
1293 -72.4099 -11.266
1294 -71.3939 -12.3654
1295 -70.3845 -13.4068
1296 -69.415 -14.3432
1297 -68.5048 -15.146
1298 -67.6616 -15.8016
1299 -66.8906 -16.3011
1300 -66.2052 -16.6281
1301 -65.6312 -16.7576
1302 -65.203 -16.6599
1303 -64.9552 -16.3119
1304 -64.9104 -15.7096
1305 -65.0654 -14.8786
1306 -65.3872 -13.8777
1307 -65.8144 -12.7955
1308 -66.2712 -11.7347
1309 -66.6832 -10.7942
1310 -66.9933 -10.0532
1311 -67.1714 -9.5586
1312 -67.2178 -9.32143
1313 -67.1589 -9.32261
1314 -67.0351 -9.52625
1315 -66.8881 -9.8948
1316 -66.7481 -10.4006
1317 -66.6282 -11.0296
1318 -66.5259 -11.7784
1319 -66.4311 -12.6447
1320 -66.3362 -13.6136
1321 -66.2438 -14.6498
1322 -66.1699 -15.6976
1323 -66.1413 -16.6844
1324 -66.1899 -17.534
1325 -66.3448 -18.1844
1326 -66.6255 -18.5983
1327 -67.0361 -18.7687
1328 -67.5641 -18.7181
1329 -68.1827 -18.4903
1330 -68.8559 -18.1386
1331 -69.5455 -17.7132
1332 -70.2193 -17.2516
1333 -70.8559 -16.777
1334 -71.4466 -16.3007
1335 -71.9943 -15.8321
1336 -72.5069 -15.3866
1337 -72.9906 -14.9925
1338 -73.4425 -14.6914
1339 -73.8494 -14.5315
1340 -74.1926 -14.5568
1341 -74.4529 -14.7969
1342 -74.6166 -15.2584
1343 -74.6799 -15.9222
1344 -74.6508 -16.7457
1345 -74.5492 -17.6671
1346 -74.4044 -18.6151
1347 -74.2505 -19.5189
1348 -74.1226 -20.3137
1349 -74.0497 -20.9488
1350 -74.0486 -21.396
1351 -74.1211 -21.6492
1352 -74.2536 -21.7204
1353 -74.4205 -21.6351
1354 -74.5901 -21.4263
1355 -74.7335 -21.1309
1356 -74.8319 -20.787
1357 -74.8799 -20.4333
1358 -74.8864 -20.1068
1359 -74.8699 -19.8398
1360 -74.8526 -19.6546
1361 -74.8541 -19.5624
1362 -74.8862 -19.5642
1363 -74.9496 -19.6564
1364 -75.0339 -19.8368
1365 -75.1212 -20.1095
1366 -75.1929 -20.4851
1367 -75.2379 -20.9727
1368 -75.26 -21.5722
1369 -75.2821 -22.2644
1370 -75.3428 -23.0053
1371 -75.4896 -23.7318
1372 -75.7655 -24.3729
1373 -76.1958 -24.8704
1374 -76.7801 -25.1919
1375 -77.4898 -25.3369
1376 -78.2771 -25.3332
1377 -79.0897 -25.2239
1378 -79.8814 -25.0528
1379 -80.6217 -24.849
1380 -81.3023 -24.6205
1381 -81.9327 -24.3558
1382 -82.5335 -24.0321
1383 -83.1247 -23.6295
1384 -83.7164 -23.1433
1385 -84.3036 -22.5932
1386 -84.8629 -22.0257
1387 -85.356 -21.5084
1388 -85.7386 -21.1154
1389 -85.9691 -20.9094
1390 -86.0165 -20.9261
1391 -85.8658 -21.1643
1392 -85.5211 -21.5853
1393 -85.0037 -22.1261
1394 -84.3469 -22.7186
1395 -83.5909 -23.3072
1396 -82.7729 -23.8637
1397 -81.9187 -24.3917
1398 -81.0404 -24.9167
1399 -80.14 -25.47
1400 -79.2181 -26.0708
1401 -78.2836 -26.7129
1402 -77.3632 -27.361
1403 -76.4998 -27.9589
1404 -75.7469 -28.4432
1405 -75.1587 -28.7575
1406 -74.7773 -28.8665
1407 -74.6239 -28.7633
1408 -74.6938 -28.4692
1409 -74.9604 -28.0275
1410 -75.3826 -27.4919
1411 -75.913 -26.9145
1412 -76.5059 -26.3365
1413 -77.1231 -25.7819
1414 -77.7368 -25.2606
1415 -78.3268 -24.7781
1416 -78.878 -24.3442
1417 -79.3778 -23.9794
1418 -79.8093 -23.7165
1419 -80.1488 -23.5967
1420 -80.3676 -23.6579
1421 -80.4353 -23.9253
1422 -80.327 -24.4035
1423 -80.0315 -25.073
1424 -79.5585 -25.8921
1425 -78.9417 -26.8028
1426 -78.2374 -27.7362
1427 -77.5157 -28.6188
1428 -76.851 -29.3766
1429 -76.3105 -29.9419
1430 -75.9433 -30.2618
1431 -75.7772 -30.3017
1432 -75.8181 -30.0488
1433 -76.0544 -29.5101
1434 -76.4629 -28.7084
1435 -77.0145 -27.6781
1436 -77.6808 -26.4604
1437 -78.4354 -25.1025
1438 -79.2568 -23.6554
1439 -80.1259 -22.1753
1440 -81.0229 -20.7235
1441 -81.9237 -19.3646
1442 -82.7996 -18.1596
1443 -83.6128 -17.1676
1444 -84.3197 -16.4428
1445 -84.8793 -16.0287
1446 -85.2595 -15.9572
1447 -85.444 -16.2438
1448 -85.4391 -16.8805
1449 -85.2759 -17.8297
1450 -85.0064 -19.0215
1451 -84.6944 -20.3608
1452 -84.4009 -21.7405
1453 -84.1685 -23.0658
1454 -84.0123 -24.2692
1455 -83.9218 -25.3141
1456 -83.8706 -26.1908
1457 -83.8305 -26.9042
1458 -83.7836 -27.4586
1459 -83.7275 -27.8467
1460 -83.6759 -28.0469
1461 -83.6546 -28.0284
1462 -83.695 -27.7617
1463 -83.8253 -27.2319
1464 -84.0633 -26.4492
1465 -84.4091 -25.4559
1466 -84.843 -24.3271
1467 -85.3291 -23.1597
1468 -85.8229 -22.06
1469 -86.2824 -21.1233
1470 -86.6797 -20.4131
1471 -87.008 -19.9522
1472 -87.2809 -19.7244
1473 -87.5264 -19.6875
1474 -87.7748 -19.7926
1475 -88.0459 -20.0032
1476 -88.3397 -20.3064
1477 -88.635 -20.7124
1478 -88.8969 -21.2429
1479 -89.0885 -21.9143
1480 -89.1808 -22.7189
1481 -89.1599 -23.6194
1482 -89.0296 -24.553
1483 -88.8095 -25.4427
1484 -88.5307 -26.2136
1485 -88.2289 -26.8074
1486 -87.9364 -27.1925
1487 -87.6752 -27.3651
1488 -87.4514 -27.348
1489 -87.2546 -27.1816
1490 -87.0629 -26.9112
1491 -86.8497 -26.5766
1492 -86.5922 -26.2047
1493 -86.2778 -25.8071
1494 -85.9052 -25.3862
1495 -85.4836 -24.9455
1496 -85.026 -24.4983
1497 -84.5423 -24.0722
1498 -84.0356 -23.7069
1499 -83.5005 -23.4455
1500 -82.9266 -23.3225
1501 -82.3039 -23.3539
1502 -81.6284 -23.5329
1503 -80.9054 -23.8326
1504 -80.1508 -24.2147
1505 -79.3918 -24.6384
1506 -78.6619 -25.0688
1507 -77.9967 -25.48
1508 -77.4279 -25.853
1509 -76.9795 -26.1734
1510 -76.667 -26.4265
1511 -76.4968 -26.5972
1512 -76.4675 -26.6709
1513 -76.5731 -26.6373
1514 -76.8041 -26.4923
1515 -77.1496 -26.2403
1516 -77.597 -25.893
1517 -78.1309 -25.4677
1518 -78.7306 -24.9856
1519 -79.3688 -24.4706
1520 -80.0102 -23.9512
1521 -80.6124 -23.459
1522 -81.129 -23.0298
1523 -81.515 -22.6989
1524 -81.7328 -22.4983
1525 -81.7564 -22.4532
1526 -81.5766 -22.5765
1527 -81.2024 -22.866
1528 -80.6614 -23.3006
1529 -79.9966 -23.8415
1530 -79.2609 -24.4365
1531 -78.5094 -25.0279
1532 -77.7923 -25.5622
1533 -77.1451 -26.0011
1534 -76.5837 -26.3284
1535 -76.1097 -26.5475
1536 -75.7134 -26.6786
1537 -75.3841 -26.7493
1538 -75.1164 -26.7838
1539 -74.9174 -26.7936
1540 -74.8082 -26.7725
1541 -74.8192 -26.6994
1542 -74.9796 -26.5483
1543 -75.3055 -26.3017
1544 -75.7895 -25.9645
1545 -76.3978 -25.5698
1546 -77.0765 -25.1764
1547 -77.763 -24.8551
1548 -78.4059 -24.6672
1549 -78.9766 -24.6465
1550 -79.4705 -24.7897
1551 -79.9041 -25.0569
1552 -80.3044 -25.3826
1553 -80.6977 -25.696
1554 -81.0992 -25.9399
1555 -81.5055 -26.0822
1556 -81.8976 -26.1195
1557 -82.2466 -26.0701
1558 -82.5232 -25.9624
1559 -82.7061 -25.8225
1560 -82.7857 -25.6657
1561 -82.7683 -25.4922
1562 -82.6764 -25.2896
1563 -82.5446 -25.0395
1564 -82.4131 -24.7278
1565 -82.3164 -24.3535
1566 -82.2731 -23.9366
1567 -82.2805 -23.5187
1568 -82.3151 -23.1561
1569 -82.3415 -22.9068
1570 -82.3253 -22.8166
1571 -82.2465 -22.9061
1572 -82.1066 -23.1656
1573 -81.9293 -23.5588
1574 -81.7527 -24.0329
1575 -81.6163 -24.5347
1576 -81.5481 -25.0233
1577 -81.5562 -25.4781
1578 -81.6277 -25.8983
1579 -81.7336 -26.2965
1580 -81.8375 -26.6892
1581 -81.9048 -27.0875
1582 -81.9087 -27.4917
1583 -81.8364 -27.8886
1584 -81.6907 -28.2559
1585 -81.4898 -28.5684
1586 -81.2629 -28.804
1587 -81.0439 -28.9486
1588 -80.8618 -28.9983
1589 -80.7346 -28.9587
1590 -80.6608 -28.8441
1591 -80.6221 -28.6735
1592 -80.5878 -28.4673
1593 -80.526 -28.2442
1594 -80.4135 -28.0201
1595 -80.2447 -27.8053
1596 -80.0332 -27.6037
1597 -79.8071 -27.4128
1598 -79.6002 -27.2251
1599 -79.4419 -27.0318
1600 -79.3467 -26.826
1601 -79.3118 -26.6078
1602 -79.3178 -26.3858
1603 -79.3343 -26.1778
1604 -79.3265 -26.0077
1605 -79.2644 -25.9001
1606 -79.1301 -25.8738
1607 -78.9225 -25.9357
1608 -78.6588 -26.0777
1609 -78.373 -26.277
1610 -78.1099 -26.5001
1611 -77.9143 -26.7121
1612 -77.8173 -26.8879
1613 -77.8252 -27.0206
1614 -77.9148 -27.1265
1615 -78.0394 -27.2416
1616 -78.1425 -27.4119
1617 -78.1752 -27.6788
1618 -78.1103 -28.0652
1619 -77.9468 -28.5669
1620 -77.707 -29.1516
1621 -77.4251 -29.7679
1622 -77.1339 -30.3591
1623 -76.8503 -30.8807
1624 -76.5687 -31.3127
1625 -76.2613 -31.6643
1626 -75.884 -31.9703
1627 -75.3873 -32.2805
1628 -74.7273 -32.6442
1629 -73.8752 -33.0949
1630 -72.8278 -33.6372
1631 -71.6112 -34.2444
1632 -70.281 -34.8651
1633 -68.9146 -35.4369
1634 -67.5946 -35.9069
1635 -66.3884 -36.2471
1636 -65.3301 -36.4637
1637 -64.4159 -36.5935
1638 -63.6146 -36.6893
1639 -62.8892 -36.8008
1640 -62.2171 -36.9558
1641 -61.6061 -37.1504
1642 -61.0968 -37.3501
1643 -60.7507 -37.5013
1644 -60.6295 -37.5508
1645 -60.7712 -37.4662
1646 -61.1766 -37.2472
1647 -61.8055 -36.9289
1648 -62.5874 -36.5723
1649 -63.4396 -36.2476
1650 -64.2837 -36.0163
1651 -65.06 -35.9161
1652 -65.7327 -35.955
1653 -66.2905 -36.1145
1654 -66.7412 -36.359
1655 -67.104 -36.6503
1656 -67.3978 -36.9598
1657 -67.6306 -37.2752
1658 -67.7945 -37.6032
1659 -67.8659 -37.9626
1660 -67.8118 -38.3736
1661 -67.6014 -38.8488
1662 -67.2167 -39.3863
1663 -66.6605 -39.9686
1664 -65.9584 -40.5647
1665 -65.1551 -41.1362
1666 -64.3065 -41.6423
1667 -63.4715 -42.0455
1668 -62.7034 -42.3145
1669 -62.0454 -42.428
1670 -61.5287 -42.3752
1671 -61.1726 -42.1578
1672 -60.9855 -41.7877
1673 -60.9681 -41.2867
1674 -61.1142 -40.6823
1675 -61.415 -40.0031
1676 -61.8602 -39.276
1677 -62.4401 -38.5257
1678 -63.1466 -37.7721
1679 -63.9694 -37.0336
1680 -64.8875 -36.3359
1681 -65.8645 -35.7128
1682 -66.85 -35.2051
1683 -67.7818 -34.8575
1684 -68.5967 -34.7111
1685 -69.246 -34.7932
1686 -69.7047 -35.1109
1687 -69.9759 -35.6452
1688 -70.09 -36.3529
1689 -70.0967 -37.1721
1690 -70.0534 -38.0299
1691 -70.0125 -38.8552
1692 -70.0103 -39.59
1693 -70.0612 -40.1983
1694 -70.1585 -40.6692
1695 -70.2809 -41.0134
1696 -70.4035 -41.2552
1697 -70.5096 -41.4229
1698 -70.5986 -41.5364
1699 -70.6903 -41.6001
1700 -70.8224 -41.6015
1701 -71.0405 -41.5159
1702 -71.3836 -41.32
1703 -71.868 -41.0066
1704 -72.4769 -40.5965
1705 -73.1613 -40.1407
1706 -73.851 -39.7119
1707 -74.4724 -39.387
1708 -74.9644 -39.2286
1709 -75.2904 -39.2689
1710 -75.4435 -39.5027
1711 -75.4432 -39.8922
1712 -75.3281 -40.3795
1713 -75.1436 -40.9037
1714 -74.9274 -41.4185
1715 -74.6996 -41.9047
1716 -74.4566 -42.3716
1717 -74.175 -42.8498
1718 -73.8222 -43.3779
1719 -73.3693 -43.9867
1720 -72.8054 -44.6857
1721 -72.1448 -45.4572
1722 -71.4286 -46.2577
1723 -70.7212 -47.024
1724 -70.098 -47.6858
1725 -69.6244 -48.1858
1726 -69.3407 -48.4913
1727 -69.2517 -48.6027
1728 -69.3264 -48.5508
1729 -69.5081 -48.3863
1730 -69.7294 -48.1651
1731 -69.9302 -47.9329
1732 -70.0701 -47.7162
1733 -70.1361 -47.5224
1734 -70.1402 -47.3472
1735 -70.1121 -47.1845
1736 -70.0837 -47.0382
1737 -70.0741 -46.9273
1738 -70.0833 -46.8843
1739 -70.0913 -46.9473
1740 -70.0679 -47.149
1741 -69.9851 -47.5074
1742 -69.8287 -48.0201
1743 -69.6044 -48.6665
1744 -69.3384 -49.4128
1745 -69.073 -50.2164
1746 -68.8574 -51.034
1747 -68.7375 -51.8251
1748 -68.747 -52.5538
1749 -68.901 -53.1891
1750 -69.1935 -53.7065
1751 -69.5985 -54.0867
1752 -70.0751 -54.3163
1753 -70.5758 -54.3864
1754 -71.0569 -54.2931
1755 -71.4884 -54.0361
1756 -71.8595 -53.6181
1757 -72.178 -53.0449
1758 -72.4665 -52.3238
1759 -72.7513 -51.4649
1760 -73.0501 -50.4882
1761 -73.3624 -49.4253
1762 -73.6672 -48.3218
1763 -73.9241 -47.2389
1764 -74.0827 -46.2499
1765 -74.0964 -45.4274
1766 -73.9331 -44.8335
1767 -73.5845 -44.5079
1768 -73.0695 -44.4615
1769 -72.4313 -44.6748
1770 -71.7289 -45.1031
1771 -71.0249 -45.6899
1772 -70.3718 -46.3799
1773 -69.7969 -47.1356
1774 -69.2971 -47.9415
1775 -68.8464 -48.7991
1776 -68.4069 -49.7153
1777 -67.9451 -50.6911
1778 -67.4471 -51.7089
1779 -66.9275 -52.7276
1780 -66.4296 -53.6858
1781 -66.0188 -54.51
1782 -65.7678 -55.1259
1783 -65.7357 -55.4782
1784 -65.9499 -55.5456
1785 -66.4016 -55.3426
1786 -67.0486 -54.917
1787 -67.8304 -54.3372
1788 -68.6902 -53.6707
1789 -69.5913 -52.9656
1790 -70.5218 -52.2414
1791 -71.4925 -51.4894
1792 -72.5249 -50.6831
1793 -73.6318 -49.7995
1794 -74.8015 -48.8389
1795 -75.9937 -47.8365
1796 -77.1425 -46.8618
1797 -78.1702 -46.0064
1798 -79.006 -45.3606
1799 -79.6003 -44.9922
1800 -79.9312 -44.9336
1801 -80.008 -45.176
1802 -79.8678 -45.6778
1803 -79.5693 -46.3726
1804 -79.1829 -47.1851
1805 -78.7769 -48.0461
1806 -78.4073 -48.9016
1807 -78.1097 -49.7182
1808 -77.8997 -50.4793
1809 -77.7784 -51.1776
1810 -77.7399 -51.8085
1811 -77.7802 -52.3605
1812 -77.9027 -52.8097
1813 -78.1185 -53.1187
1814 -78.4419 -53.2436
1815 -78.8832 -53.148
1816 -79.4403 -52.8176
1817 -80.0912 -52.271
1818 -80.7946 -51.5607
1819 -81.4953 -50.7646
1820 -82.1283 -49.9745
1821 -82.6332 -49.2743
1822 -82.9662 -48.7228
1823 -83.1068 -48.3513
1824 -83.0623 -48.164
1825 -82.868 -48.1431
1826 -82.5781 -48.2597
1827 -82.2537 -48.4821
1828 -81.9506 -48.7795
1829 -81.7104 -49.1244
1830 -81.5553 -49.4924
1831 -81.4895 -49.8625
1832 -81.5038 -50.2157
1833 -81.5838 -50.5347
1834 -81.7165 -50.8043
1835 -81.8958 -51.0071
1836 -82.1262 -51.124
1837 -82.4204 -51.1346
1838 -82.7969 -51.0182
1839 -83.2721 -50.7576
1840 -83.8532 -50.3432
1841 -84.532 -49.7769
1842 -85.28 -49.0788
1843 -86.0558 -48.2832
1844 -86.8122 -47.4368
1845 -87.5022 -46.5961
1846 -88.0914 -45.8149
1847 -88.5661 -45.1323
1848 -88.9346 -44.5637
1849 -89.2237 -44.0978
1850 -89.4698 -43.7005
1851 -89.7071 -43.328
1852 -89.9532 -42.9451
1853 -90.2031 -42.5385
1854 -90.4295 -42.1248
1855 -90.5917 -41.7458
1856 -90.6484 -41.4543
1857 -90.5725 -41.2943
1858 -90.3599 -41.2848
1859 -90.0334 -41.4104
1860 -89.6394 -41.6218
1861 -89.2383 -41.847
1862 -88.8909 -42.0064
1863 -88.6428 -42.0341
1864 -88.5122 -41.8928
1865 -88.4874 -41.5824
1866 -88.5321 -41.1373
1867 -88.5984 -40.6142
1868 -88.6405 -40.0749
1869 -88.628 -39.5695
1870 -88.5523 -39.1229
1871 -88.4285 -38.7313
1872 -88.291 -38.3694
1873 -88.1811 -38.0059
1874 -88.1313 -37.6227
1875 -88.1499 -37.2317
1876 -88.2144 -36.8795
1877 -88.2742 -36.6392
1878 -88.2659 -36.5915
1879 -88.1317 -36.8025
1880 -87.8368 -37.3022
1881 -87.38 -38.0758
1882 -86.7951 -39.0665
1883 -86.1442 -40.1874
1884 -85.5036 -41.3404
1885 -84.9441 -42.4375
1886 -84.5153 -43.4148
1887 -84.2337 -44.2399
1888 -84.0856 -44.9042
1889 -84.0331 -45.4108
1890 -84.0256 -45.7638
1891 -84.0133 -45.9572
1892 -83.9578 -45.9722
1893 -83.842 -45.7803
1894 -83.6728 -45.3519
1895 -83.4773 -44.6681
1896 -83.2903 -43.7311
1897 -83.1403 -42.5725
1898 -83.0361 -41.2495
1899 -82.9635 -39.8389
1900 -82.8899 -38.4312
1901 -82.7764 -37.1156
1902 -82.5894 -35.9694
1903 -82.3105 -35.0509
1904 -81.942 -34.3964
1905 -81.5067 -34.0206
1906 -81.0435 -33.9195
1907 -80.601 -34.0717
1908 -80.2303 -34.442
1909 -79.9772 -34.9855
1910 -79.8718 -35.6522
1911 -79.9219 -36.394
1912 -80.11 -37.1697
1913 -80.3959 -37.9454
1914 -80.7279 -38.6944
1915 -81.0591 -39.3963
1916 -81.3594 -40.0317
1917 -81.6211 -40.5772
1918 -81.8554 -41.0028
1919 -82.0842 -41.2738
1920 -82.3302 -41.3557
1921 -82.6076 -41.2204
1922 -82.9174 -40.8542
1923 -83.248 -40.2626
1924 -83.5777 -39.4725
1925 -83.8807 -38.5302
1926 -84.1322 -37.4952
1927 -84.313 -36.4293
1928 -84.4122 -35.3846
1929 -84.4283 -34.3947
1930 -84.3698 -33.472
1931 -84.2517 -32.6111
1932 -84.0912 -31.7986
1933 -83.8995 -31.0296
1934 -83.6747 -30.3209
1935 -83.3978 -29.716
1936 -83.0351 -29.2806
1937 -82.5474 -29.0882
1938 -81.9025 -29.1971
1939 -81.0884 -29.6304
1940 -80.1209 -30.3642
1941 -79.0441 -31.331
1942 -77.9245 -32.4309
1943 -76.8335 -33.5579
1944 -75.8325 -34.6214
1945 -74.9622 -35.5604
1946 -74.2397 -36.3473
1947 -73.6656 -36.9796
1948 -73.2375 -37.4649
1949 -72.9614 -37.8055
1950 -72.8573 -37.9891
1951 -72.9519 -37.9903
1952 -73.2675 -37.7784
1953 -73.8074 -37.3335
1954 -74.5454 -36.6582
1955 -75.4264 -35.7877
1956 -76.3751 -34.7877
1957 -77.3119 -33.7435
1958 -78.1645 -32.7473
1959 -78.8789 -31.8794
1960 -79.4247 -31.1927
1961 -79.7949 -30.7063
1962 -80.0017 -30.4082
1963 -80.0722 -30.2645
1964 -80.041 -30.2352
1965 -79.941 -30.2896
1966 -79.797 -30.4143
1967 -79.6213 -30.6111
1968 -79.4149 -30.8891
1969 -79.1741 -31.2526
1970 -78.8992 -31.6899
1971 -78.6032 -32.1707
1972 -78.314 -32.6505
1973 -78.0695 -33.0806
1974 -77.9079 -33.4209
1975 -77.8533 -33.6507
1976 -77.9068 -33.7735
1977 -78.0455 -33.8139
1978 -78.2296 -33.8084
1979 -78.414 -33.7934
1980 -78.5594 -33.7959
1981 -78.641 -33.8258
1982 -78.6493 -33.8781
1983 -78.5889 -33.9365
1984 -78.4735 -33.982
1985 -78.3226 -34.0002
1986 -78.158 -33.9843
1987 -78.0037 -33.9337
1988 -77.8854 -33.8487
1989 -77.8305 -33.7232
1990 -77.8633 -33.5414
1991 -77.9997 -33.2786
1992 -78.2442 -32.9065
1993 -78.5893 -32.4024
1994 -79.0205 -31.7564
1995 -79.5207 -30.978
1996 -80.0737 -30.0967
1997 -80.6638 -29.1579
1998 -81.2718 -28.2165
1999 -81.8716 -27.3277
2000 -82.4303 -26.5392
2001 -82.9091 -25.8855
