     1	-144.328
     2	-144.281
     3	-144.323
     4	-144.443
     5	-144.627
     6	-144.864
     7	-145.143
     8	-145.459
     9	-145.807
    10	-146.187
    11	-146.595
    12	-147.024
    13	-147.459
    14	-147.882
    15	-148.273
    16	-148.618
    17	-148.914
    18	-149.169
    19	-149.401
    20	-149.628
    21	-149.866
    22	-150.12
    23	-150.386
    24	-150.652
    25	-150.9
    26	-151.113
    27	-151.275
    28	-151.376
    29	-151.412
    30	-151.381
    31	-151.282
    32	-151.117
    33	-150.892
    34	-150.61
    35	-150.282
    36	-149.919
    37	-149.536
    38	-149.149
    39	-148.78
    40	-148.45
    41	-148.184
    42	-148.006
    43	-147.934
    44	-147.979
    45	-148.139
    46	-148.399
    47	-148.734
    48	-149.115
    49	-149.51
    50	-149.895
    51	-150.251
    52	-150.569
    53	-150.843
    54	-151.076
    55	-151.268
    56	-151.425
    57	-151.553
    58	-151.66
    59	-151.755
    60	-151.845
    61	-151.936
    62	-152.031
    63	-152.132
    64	-152.237
    65	-152.342
    66	-152.44
    67	-152.516
    68	-152.552
    69	-152.523
    70	-152.401
    71	-152.164
    72	-151.793
    73	-151.287
    74	-150.66
    75	-149.942
    76	-149.172
    77	-148.394
    78	-147.65
    79	-146.978
    80	-146.408
    81	-145.962
    82	-145.652
    83	-145.483
    84	-145.452
    85	-145.544
    86	-145.742
    87	-146.027
    88	-146.384
    89	-146.802
    90	-147.276
    91	-147.804
    92	-148.379
    93	-148.99
    94	-149.618
    95	-150.241
    96	-150.84
    97	-151.403
    98	-151.934
    99	-152.445
   100	-152.953
   101	-153.471
   102	-154.004
   103	-154.545
   104	-155.08
   105	-155.594
   106	-156.074
   107	-156.51
   108	-156.895
   109	-157.219
   110	-157.473
   111	-157.642
   112	-157.718
   113	-157.697
   114	-157.59
   115	-157.42
   116	-157.217
   117	-157.012
   118	-156.832
   119	-156.699
   120	-156.634
   121	-156.657
   122	-156.788
   123	-157.04
   124	-157.419
   125	-157.915
   126	-158.508
   127	-159.169
   128	-159.866
   129	-160.567
   130	-161.243
   131	-161.864
   132	-162.4
   133	-162.825
   134	-163.112
   135	-163.246
   136	-163.228
   137	-163.067
   138	-162.785
   139	-162.399
   140	-161.925
   141	-161.371
   142	-160.744
   143	-160.057
   144	-159.331
   145	-158.595
   146	-157.881
   147	-157.22
   148	-156.629
   149	-156.11
   150	-155.656
   151	-155.255
   152	-154.893
   153	-154.562
   154	-154.261
   155	-153.99
   156	-153.755
   157	-153.564
   158	-153.426
   159	-153.352
   160	-153.348
   161	-153.415
   162	-153.545
   163	-153.722
   164	-153.923
   165	-154.128
   166	-154.321
   167	-154.495
   168	-154.654
   169	-154.808
   170	-154.97
   171	-155.148
   172	-155.342
   173	-155.542
   174	-155.733
   175	-155.898
   176	-156.029
   177	-156.127
   178	-156.207
   179	-156.293
   180	-156.411
   181	-156.586
   182	-156.833
   183	-157.154
   184	-157.541
   185	-157.976
   186	-158.438
   187	-158.905
   188	-159.359
   189	-159.786
   190	-160.179
   191	-160.531
   192	-160.841
   193	-161.106
   194	-161.321
   195	-161.486
   196	-161.602
   197	-161.674
   198	-161.711
   199	-161.727
   200	-161.734
   201	-161.747
   202	-161.776
   203	-161.83
   204	-161.914
   205	-162.03
   206	-162.18
   207	-162.358
   208	-162.557
   209	-162.759
   210	-162.944
   211	-163.084
   212	-163.159
   213	-163.156
   214	-163.078
   215	-162.94
   216	-162.771
   217	-162.595
   218	-162.435
   219	-162.3
   220	-162.192
   221	-162.105
   222	-162.038
   223	-161.989
   224	-161.965
   225	-161.971
   226	-162.012
   227	-162.092
   228	-162.208
   229	-162.351
   230	-162.51
   231	-162.672
   232	-162.821
   233	-162.945
   234	-163.034
   235	-163.079
   236	-163.08
   237	-163.042
   238	-162.974
   239	-162.887
   240	-162.786
   241	-162.67
   242	-162.527
   243	-162.346
   244	-162.113
   245	-161.822
   246	-161.475
   247	-161.08
   248	-160.646
   249	-160.176
   250	-159.668
   251	-159.115
   252	-158.509
   253	-157.844
   254	-157.12
   255	-156.348
   256	-155.544
   257	-154.731
   258	-153.935
   259	-153.18
   260	-152.489
   261	-151.877
   262	-151.353
   263	-150.912
   264	-150.539
   265	-150.213
   266	-149.908
   267	-149.605
   268	-149.291
   269	-148.962
   270	-148.626
   271	-148.296
   272	-147.983
   273	-147.698
   274	-147.44
   275	-147.199
   276	-146.956
   277	-146.69
   278	-146.383
   279	-146.024
   280	-145.617
   281	-145.17
   282	-144.697
   283	-144.207
   284	-143.703
   285	-143.178
   286	-142.613
   287	-141.991
   288	-141.294
   289	-140.513
   290	-139.658
   291	-138.756
   292	-137.853
   293	-137.009
   294	-136.284
   295	-135.724
   296	-135.349
   297	-135.152
   298	-135.103
   299	-135.166
   300	-135.311
   301	-135.524
   302	-135.805
   303	-136.162
   304	-136.601
   305	-137.118
   306	-137.696
   307	-138.312
   308	-138.938
   309	-139.554
   310	-140.145
   311	-140.704
   312	-141.227
   313	-141.704
   314	-142.129
   315	-142.494
   316	-142.8
   317	-143.057
   318	-143.276
   319	-143.467
   320	-143.629
   321	-143.752
   322	-143.818
   323	-143.81
   324	-143.717
   325	-143.538
   326	-143.277
   327	-142.941
   328	-142.54
   329	-142.078
   330	-141.561
   331	-141.001
   332	-140.417
   333	-139.83
   334	-139.266
   335	-138.747
   336	-138.295
   337	-137.929
   338	-137.666
   339	-137.527
   340	-137.525
   341	-137.668
   342	-137.952
   343	-138.357
   344	-138.852
   345	-139.403
   346	-139.971
   347	-140.528
   348	-141.052
   349	-141.529
   350	-141.946
   351	-142.287
   352	-142.533
   353	-142.662
   354	-142.656
   355	-142.508
   356	-142.222
   357	-141.81
   358	-141.292
   359	-140.687
   360	-140.015
   361	-139.294
   362	-138.541
   363	-137.774
   364	-137.004
   365	-136.238
   366	-135.473
   367	-134.705
   368	-133.928
   369	-133.154
   370	-132.409
   371	-131.742
   372	-131.212
   373	-130.872
   374	-130.755
   375	-130.855
   376	-131.134
   377	-131.538
   378	-132.015
   379	-132.53
   380	-133.063
   381	-133.613
   382	-134.18
   383	-134.759
   384	-135.34
   385	-135.9
   386	-136.413
   387	-136.848
   388	-137.179
   389	-137.386
   390	-137.455
   391	-137.387
   392	-137.195
   393	-136.902
   394	-136.54
   395	-136.145
   396	-135.746
   397	-135.364
   398	-135.009
   399	-134.681
   400	-134.377
   401	-134.096
   402	-133.846
   403	-133.639
   404	-133.488
   405	-133.399
   406	-133.371
   407	-133.389
   408	-133.431
   409	-133.473
   410	-133.495
   411	-133.488
   412	-133.449
   413	-133.39
   414	-133.325
   415	-133.27
   416	-133.239
   417	-133.243
   418	-133.29
   419	-133.383
   420	-133.521
   421	-133.693
   422	-133.887
   423	-134.083
   424	-134.266
   425	-134.422
   426	-134.544
   427	-134.631
   428	-134.692
   429	-134.737
   430	-134.779
   431	-134.829
   432	-134.895
   433	-134.975
   434	-135.064
   435	-135.153
   436	-135.232
   437	-135.294
   438	-135.342
   439	-135.388
   440	-135.449
   441	-135.547
   442	-135.702
   443	-135.92
   444	-136.194
   445	-136.501
   446	-136.812
   447	-137.103
   448	-137.368
   449	-137.618
   450	-137.88
   451	-138.186
   452	-138.558
   453	-138.995
   454	-139.48
   455	-139.978
   456	-140.459
   457	-140.899
   458	-141.286
   459	-141.617
   460	-141.896
   461	-142.126
   462	-142.312
   463	-142.459
   464	-142.571
   465	-142.654
   466	-142.715
   467	-142.758
   468	-142.789
   469	-142.817
   470	-142.855
   471	-142.925
   472	-143.05
   473	-143.257
   474	-143.565
   475	-143.982
   476	-144.506
   477	-145.127
   478	-145.823
   479	-146.573
   480	-147.35
   481	-148.133
   482	-148.902
   483	-149.641
   484	-150.334
   485	-150.964
   486	-151.51
   487	-151.944
   488	-152.236
   489	-152.353
   490	-152.269
   491	-151.964
   492	-151.437
   493	-150.699
   494	-149.782
   495	-148.726
   496	-147.582
   497	-146.397
   498	-145.218
   499	-144.081
   500	-143.014
   501	-142.03
   502	-141.139
   503	-140.347
   504	-139.665
   505	-139.107
   506	-138.693
   507	-138.445
   508	-138.381
   509	-138.511
   510	-138.831
   511	-139.321
   512	-139.947
   513	-140.661
   514	-141.41
   515	-142.147
   516	-142.836
   517	-143.458
   518	-144.011
   519	-144.5
   520	-144.934
   521	-145.317
   522	-145.649
   523	-145.918
   524	-146.111
   525	-146.213
   526	-146.21
   527	-146.096
   528	-145.87
   529	-145.542
   530	-145.131
   531	-144.668
   532	-144.186
   533	-143.718
   534	-143.28
   535	-142.875
   536	-142.487
   537	-142.09
   538	-141.664
   539	-141.206
   540	-140.727
   541	-140.261
   542	-139.846
   543	-139.52
   544	-139.307
   545	-139.213
   546	-139.227
   547	-139.327
   548	-139.489
   549	-139.692
   550	-139.926
   551	-140.187
   552	-140.481
   553	-140.811
   554	-141.181
   555	-141.586
   556	-142.013
   557	-142.438
   558	-142.835
   559	-143.175
   560	-143.433
   561	-143.595
   562	-143.659
   563	-143.636
   564	-143.547
   565	-143.413
   566	-143.254
   567	-143.083
   568	-142.9
   569	-142.703
   570	-142.485
   571	-142.251
   572	-142.012
   573	-141.796
   574	-141.631
   575	-141.548
   576	-141.571
   577	-141.709
   578	-141.964
   579	-142.324
   580	-142.771
   581	-143.282
   582	-143.832
   583	-144.393
   584	-144.941
   585	-145.46
   586	-145.937
   587	-146.371
   588	-146.767
   589	-147.13
   590	-147.461
   591	-147.748
   592	-147.969
   593	-148.093
   594	-148.095
   595	-147.959
   596	-147.69
   597	-147.308
   598	-146.844
   599	-146.339
   600	-145.827
   601	-145.338
   602	-144.895
   603	-144.514
   604	-144.201
   605	-143.956
   606	-143.775
   607	-143.653
   608	-143.589
   609	-143.591
   610	-143.677
   611	-143.87
   612	-144.187
   613	-144.629
   614	-145.178
   615	-145.792
   616	-146.424
   617	-147.024
   618	-147.558
   619	-148.01
   620	-148.376
   621	-148.663
   622	-148.879
   623	-149.029
   624	-149.115
   625	-149.134
   626	-149.081
   627	-148.951
   628	-148.742
   629	-148.454
   630	-148.089
   631	-147.657
   632	-147.175
   633	-146.664
   634	-146.154
   635	-145.675
   636	-145.253
   637	-144.907
   638	-144.643
   639	-144.458
   640	-144.342
   641	-144.283
   642	-144.27
   643	-144.299
   644	-144.371
   645	-144.489
   646	-144.653
   647	-144.856
   648	-145.08
   649	-145.297
   650	-145.475
   651	-145.583
   652	-145.6
   653	-145.516
   654	-145.338
   655	-145.082
   656	-144.768
   657	-144.415
   658	-144.033
   659	-143.626
   660	-143.192
   661	-142.72
   662	-142.201
   663	-141.631
   664	-141.011
   665	-140.356
   666	-139.684
   667	-139.021
   668	-138.394
   669	-137.825
   670	-137.33
   671	-136.916
   672	-136.583
   673	-136.324
   674	-136.132
   675	-136.002
   676	-135.94
   677	-135.955
   678	-136.066
   679	-136.291
   680	-136.642
   681	-137.121
   682	-137.717
   683	-138.409
   684	-139.167
   685	-139.963
   686	-140.777
   687	-141.594
   688	-142.409
   689	-143.22
   690	-144.024
   691	-144.819
   692	-145.595
   693	-146.341
   694	-147.04
   695	-147.674
   696	-148.225
   697	-148.679
   698	-149.028
   699	-149.274
   700	-149.425
   701	-149.497
   702	-149.507
   703	-149.472
   704	-149.404
   705	-149.309
   706	-149.189
   707	-149.046
   708	-148.884
   709	-148.713
   710	-148.544
   711	-148.393
   712	-148.279
   713	-148.219
   714	-148.232
   715	-148.331
   716	-148.523
   717	-148.801
   718	-149.146
   719	-149.528
   720	-149.916
   721	-150.28
   722	-150.6
   723	-150.866
   724	-151.078
   725	-151.244
   726	-151.375
   727	-151.481
   728	-151.572
   729	-151.655
   730	-151.737
   731	-151.822
   732	-151.918
   733	-152.028
   734	-152.159
   735	-152.318
   736	-152.513
   737	-152.749
   738	-153.031
   739	-153.354
   740	-153.712
   741	-154.091
   742	-154.48
   743	-154.867
   744	-155.242
   745	-155.6
   746	-155.936
   747	-156.246
   748	-156.529
   749	-156.78
   750	-156.993
   751	-157.161
   752	-157.274
   753	-157.323
   754	-157.307
   755	-157.232
   756	-157.114
   757	-156.971
   758	-156.822
   759	-156.678
   760	-156.545
   761	-156.418
   762	-156.289
   763	-156.146
   764	-155.983
   765	-155.792
   766	-155.572
   767	-155.321
   768	-155.041
   769	-154.74
   770	-154.426
   771	-154.113
   772	-153.809
   773	-153.521
   774	-153.249
   775	-152.99
   776	-152.74
   777	-152.502
   778	-152.283
   779	-152.094
   780	-151.94
   781	-151.822
   782	-151.73
   783	-151.647
   784	-151.555
   785	-151.438
   786	-151.286
   787	-151.09
   788	-150.848
   789	-150.557
   790	-150.217
   791	-149.831
   792	-149.406
   793	-148.952
   794	-148.479
   795	-147.993
   796	-147.492
   797	-146.973
   798	-146.433
   799	-145.873
   800	-145.304
   801	-144.743
   802	-144.207
   803	-143.711
   804	-143.259
   805	-142.847
   806	-142.457
   807	-142.07
   808	-141.668
   809	-141.24
   810	-140.787
   811	-140.319
   812	-139.856
   813	-139.42
   814	-139.03
   815	-138.694
   816	-138.407
   817	-138.149
   818	-137.895
   819	-137.615
   820	-137.289
   821	-136.909
   822	-136.479
   823	-136.018
   824	-135.551
   825	-135.107
   826	-134.708
   827	-134.368
   828	-134.088
   829	-133.861
   830	-133.672
   831	-133.505
   832	-133.35
   833	-133.2
   834	-133.055
   835	-132.921
   836	-132.806
   837	-132.715
   838	-132.649
   839	-132.602
   840	-132.563
   841	-132.521
   842	-132.467
   843	-132.397
   844	-132.31
   845	-132.209
   846	-132.102
   847	-131.995
   848	-131.898
   849	-131.82
   850	-131.771
   851	-131.754
   852	-131.767
   853	-131.799
   854	-131.836
   855	-131.861
   856	-131.863
   857	-131.836
   858	-131.78
   859	-131.7
   860	-131.604
   861	-131.496
   862	-131.383
   863	-131.263
   864	-131.138
   865	-131.001
   866	-130.848
   867	-130.674
   868	-130.476
   869	-130.259
   870	-130.035
   871	-129.817
   872	-129.616
   873	-129.437
   874	-129.278
   875	-129.132
   876	-128.99
   877	-128.842
   878	-128.685
   879	-128.517
   880	-128.342
   881	-128.166
   882	-127.999
   883	-127.852
   884	-127.738
   885	-127.665
   886	-127.631
   887	-127.628
   888	-127.638
   889	-127.65
   890	-127.658
   891	-127.673
   892	-127.716
   893	-127.812
   894	-127.982
   895	-128.231
   896	-128.552
   897	-128.934
   898	-129.367
   899	-129.847
   900	-130.377
   901	-130.968
   902	-131.623
   903	-132.34
   904	-133.106
   905	-133.902
   906	-134.699
   907	-135.474
   908	-136.203
   909	-136.867
   910	-137.45
   911	-137.936
   912	-138.316
   913	-138.588
   914	-138.758
   915	-138.838
   916	-138.844
   917	-138.795
   918	-138.708
   919	-138.599
   920	-138.49
   921	-138.401
   922	-138.357
   923	-138.381
   924	-138.49
   925	-138.693
   926	-138.99
   927	-139.374
   928	-139.834
   929	-140.354
   930	-140.923
   931	-141.53
   932	-142.171
   933	-142.841
   934	-143.533
   935	-144.243
   936	-144.965
   937	-145.688
   938	-146.403
   939	-147.094
   940	-147.744
   941	-148.334
   942	-148.84
   943	-149.242
   944	-149.522
   945	-149.672
   946	-149.693
   947	-149.597
   948	-149.404
   949	-149.133
   950	-148.806
   951	-148.436
   952	-148.037
   953	-147.616
   954	-147.185
   955	-146.753
   956	-146.332
   957	-145.933
   958	-145.567
   959	-145.248
   960	-144.99
   961	-144.81
   962	-144.72
   963	-144.729
   964	-144.832
   965	-145.012
   966	-145.243
   967	-145.494
   968	-145.742
   969	-145.971
   970	-146.178
   971	-146.366
   972	-146.543
   973	-146.715
   974	-146.889
   975	-147.065
   976	-147.243
   977	-147.422
   978	-147.602
   979	-147.784
   980	-147.967
   981	-148.149
   982	-148.325
   983	-148.487
   984	-148.622
   985	-148.714
   986	-148.746
   987	-148.701
   988	-148.562
   989	-148.32
   990	-147.973
   991	-147.529
   992	-147.006
   993	-146.433
   994	-145.844
   995	-145.269
   996	-144.734
   997	-144.251
   998	-143.825
   999	-143.456
  1000	-143.14
  1001	-142.876
  1002	-142.667
  1003	-142.52
  1004	-142.446
  1005	-142.455
  1006	-142.551
  1007	-142.731
  1008	-142.986
  1009	-143.298
  1010	-143.642
  1011	-143.991
  1012	-144.315
  1013	-144.589
  1014	-144.793
  1015	-144.914
  1016	-144.95
  1017	-144.903
  1018	-144.781
  1019	-144.59
  1020	-144.336
  1021	-144.019
  1022	-143.639
  1023	-143.193
  1024	-142.682
  1025	-142.108
  1026	-141.48
  1027	-140.814
  1028	-140.13
  1029	-139.449
  1030	-138.796
  1031	-138.192
  1032	-137.65
  1033	-137.179
  1034	-136.775
  1035	-136.43
  1036	-136.13
  1037	-135.862
  1038	-135.618
  1039	-135.397
  1040	-135.204
  1041	-135.049
  1042	-134.944
  1043	-134.897
  1044	-134.909
  1045	-134.974
  1046	-135.077
  1047	-135.202
  1048	-135.336
  1049	-135.471
  1050	-135.608
  1051	-135.754
  1052	-135.915
  1053	-136.094
  1054	-136.287
  1055	-136.481
  1056	-136.661
  1057	-136.809
  1058	-136.914
  1059	-136.969
  1060	-136.978
  1061	-136.952
  1062	-136.905
  1063	-136.851
  1064	-136.798
  1065	-136.743
  1066	-136.674
  1067	-136.572
  1068	-136.413
  1069	-136.184
  1070	-135.878
  1071	-135.504
  1072	-135.084
  1073	-134.644
  1074	-134.211
  1075	-133.805
  1076	-133.437
  1077	-133.113
  1078	-132.83
  1079	-132.586
  1080	-132.382
  1081	-132.221
  1082	-132.109
  1083	-132.056
  1084	-132.075
  1085	-132.177
  1086	-132.375
  1087	-132.675
  1088	-133.078
  1089	-133.574
  1090	-134.144
  1091	-134.762
  1092	-135.402
  1093	-136.038
  1094	-136.654
  1095	-137.24
  1096	-137.797
  1097	-138.329
  1098	-138.84
  1099	-139.334
  1100	-139.814
  1101	-140.277
  1102	-140.721
  1103	-141.139
  1104	-141.519
  1105	-141.849
  1106	-142.117
  1107	-142.314
  1108	-142.443
  1109	-142.513
  1110	-142.539
  1111	-142.541
  1112	-142.53
  1113	-142.511
  1114	-142.482
  1115	-142.431
  1116	-142.352
  1117	-142.24
  1118	-142.103
  1119	-141.955
  1120	-141.813
  1121	-141.696
  1122	-141.617
  1123	-141.582
  1124	-141.589
  1125	-141.633
  1126	-141.704
  1127	-141.793
  1128	-141.892
  1129	-141.999
  1130	-142.114
  1131	-142.243
  1132	-142.392
  1133	-142.57
  1134	-142.784
  1135	-143.039
  1136	-143.337
  1137	-143.674
  1138	-144.044
  1139	-144.438
  1140	-144.845
  1141	-145.255
  1142	-145.661
  1143	-146.056
  1144	-146.431
  1145	-146.777
  1146	-147.082
  1147	-147.33
  1148	-147.501
  1149	-147.58
  1150	-147.555
  1151	-147.425
  1152	-147.197
  1153	-146.886
  1154	-146.51
  1155	-146.082
  1156	-145.615
  1157	-145.113
  1158	-144.58
  1159	-144.013
  1160	-143.408
  1161	-142.762
  1162	-142.073
  1163	-141.343
  1164	-140.581
  1165	-139.802
  1166	-139.026
  1167	-138.275
  1168	-137.565
  1169	-136.907
  1170	-136.307
  1171	-135.766
  1172	-135.283
  1173	-134.852
  1174	-134.464
  1175	-134.109
  1176	-133.778
  1177	-133.464
  1178	-133.167
  1179	-132.894
  1180	-132.658
  1181	-132.472
  1182	-132.351
  1183	-132.302
  1184	-132.326
  1185	-132.414
  1186	-132.554
  1187	-132.729
  1188	-132.925
  1189	-133.134
  1190	-133.353
  1191	-133.581
  1192	-133.818
  1193	-134.06
  1194	-134.299
  1195	-134.522
  1196	-134.713
  1197	-134.859
  1198	-134.954
  1199	-135
  1200	-135.011
  1201	-135.011
  1202	-135.027
  1203	-135.082
  1204	-135.185
  1205	-135.326
  1206	-135.479
  1207	-135.616
  1208	-135.71
  1209	-135.753
  1210	-135.75
  1211	-135.719
  1212	-135.68
  1213	-135.652
  1214	-135.645
  1215	-135.659
  1216	-135.69
  1217	-135.733
  1218	-135.783
  1219	-135.835
  1220	-135.883
  1221	-135.916
  1222	-135.923
  1223	-135.896
  1224	-135.836
  1225	-135.752
  1226	-135.663
  1227	-135.585
  1228	-135.528
  1229	-135.493
  1230	-135.475
  1231	-135.471
  1232	-135.484
  1233	-135.524
  1234	-135.606
  1235	-135.744
  1236	-135.95
  1237	-136.23
  1238	-136.582
  1239	-136.999
  1240	-137.47
  1241	-137.982
  1242	-138.522
  1243	-139.073
  1244	-139.618
  1245	-140.139
  1246	-140.618
  1247	-141.036
  1248	-141.381
  1249	-141.642
  1250	-141.813
  1251	-141.893
  1252	-141.882
  1253	-141.785
  1254	-141.609
  1255	-141.367
  1256	-141.076
  1257	-140.758
  1258	-140.441
  1259	-140.149
  1260	-139.898
  1261	-139.691
  1262	-139.518
  1263	-139.358
  1264	-139.192
  1265	-139.005
  1266	-138.796
  1267	-138.57
  1268	-138.336
  1269	-138.103
  1270	-137.878
  1271	-137.665
  1272	-137.469
  1273	-137.297
  1274	-137.155
  1275	-137.048
  1276	-136.979
  1277	-136.944
  1278	-136.939
  1279	-136.962
  1280	-137.01
  1281	-137.087
  1282	-137.192
  1283	-137.321
  1284	-137.462
  1285	-137.595
  1286	-137.692
  1287	-137.726
  1288	-137.672
  1289	-137.518
  1290	-137.262
  1291	-136.912
  1292	-136.485
  1293	-136.002
  1294	-135.484
  1295	-134.946
  1296	-134.396
  1297	-133.836
  1298	-133.26
  1299	-132.659
  1300	-132.027
  1301	-131.363
  1302	-130.673
  1303	-129.971
  1304	-129.275
  1305	-128.604
  1306	-127.967
  1307	-127.37
  1308	-126.809
  1309	-126.276
  1310	-125.767
  1311	-125.28
  1312	-124.823
  1313	-124.407
  1314	-124.047
  1315	-123.764
  1316	-123.572
  1317	-123.482
  1318	-123.496
  1319	-123.605
  1320	-123.793
  1321	-124.035
  1322	-124.306
  1323	-124.581
  1324	-124.834
  1325	-125.045
  1326	-125.196
  1327	-125.273
  1328	-125.262
  1329	-125.159
  1330	-124.964
  1331	-124.686
  1332	-124.341
  1333	-123.949
  1334	-123.528
  1335	-123.096
  1336	-122.664
  1337	-122.24
  1338	-121.833
  1339	-121.453
  1340	-121.117
  1341	-120.839
  1342	-120.635
  1343	-120.509
  1344	-120.457
  1345	-120.46
  1346	-120.492
  1347	-120.534
  1348	-120.572
  1349	-120.607
  1350	-120.652
  1351	-120.723
  1352	-120.833
  1353	-120.992
  1354	-121.2
  1355	-121.457
  1356	-121.76
  1357	-122.105
  1358	-122.489
  1359	-122.906
  1360	-123.346
  1361	-123.794
  1362	-124.231
  1363	-124.636
  1364	-124.989
  1365	-125.269
  1366	-125.46
  1367	-125.551
  1368	-125.537
  1369	-125.428
  1370	-125.243
  1371	-125.014
  1372	-124.784
  1373	-124.596
  1374	-124.484
  1375	-124.473
  1376	-124.571
  1377	-124.773
  1378	-125.067
  1379	-125.431
  1380	-125.845
  1381	-126.292
  1382	-126.753
  1383	-127.211
  1384	-127.645
  1385	-128.033
  1386	-128.356
  1387	-128.594
  1388	-128.734
  1389	-128.77
  1390	-128.702
  1391	-128.537
  1392	-128.287
  1393	-127.968
  1394	-127.599
  1395	-127.205
  1396	-126.813
  1397	-126.448
  1398	-126.13
  1399	-125.871
  1400	-125.674
  1401	-125.54
  1402	-125.469
  1403	-125.464
  1404	-125.532
  1405	-125.682
  1406	-125.917
  1407	-126.235
  1408	-126.626
  1409	-127.081
  1410	-127.591
  1411	-128.156
  1412	-128.776
  1413	-129.457
  1414	-130.2
  1415	-130.994
  1416	-131.821
  1417	-132.658
  1418	-133.475
  1419	-134.243
  1420	-134.935
  1421	-135.525
  1422	-135.989
  1423	-136.304
  1424	-136.45
  1425	-136.418
  1426	-136.205
  1427	-135.821
  1428	-135.282
  1429	-134.608
  1430	-133.826
  1431	-132.962
  1432	-132.049
  1433	-131.124
  1434	-130.229
  1435	-129.406
  1436	-128.688
  1437	-128.104
  1438	-127.662
  1439	-127.365
  1440	-127.203
  1441	-127.162
  1442	-127.226
  1443	-127.375
  1444	-127.587
  1445	-127.837
  1446	-128.103
  1447	-128.368
  1448	-128.618
  1449	-128.846
  1450	-129.046
  1451	-129.215
  1452	-129.348
  1453	-129.442
  1454	-129.496
  1455	-129.513
  1456	-129.497
  1457	-129.456
  1458	-129.394
  1459	-129.312
  1460	-129.21
  1461	-129.083
  1462	-128.929
  1463	-128.745
  1464	-128.526
  1465	-128.266
  1466	-127.958
  1467	-127.6
  1468	-127.201
  1469	-126.785
  1470	-126.39
  1471	-126.062
  1472	-125.848
  1473	-125.784
  1474	-125.888
  1475	-126.16
  1476	-126.581
  1477	-127.124
  1478	-127.765
  1479	-128.485
  1480	-129.272
  1481	-130.121
  1482	-131.022
  1483	-131.96
  1484	-132.906
  1485	-133.825
  1486	-134.678
  1487	-135.436
  1488	-136.086
  1489	-136.638
  1490	-137.116
  1491	-137.552
  1492	-137.977
  1493	-138.41
  1494	-138.864
  1495	-139.338
  1496	-139.827
  1497	-140.324
  1498	-140.816
  1499	-141.288
  1500	-141.722
  1501	-142.103
  1502	-142.423
  1503	-142.686
  1504	-142.905
  1505	-143.097
  1506	-143.277
  1507	-143.451
  1508	-143.622
  1509	-143.791
  1510	-143.971
  1511	-144.182
  1512	-144.455
  1513	-144.821
  1514	-145.308
  1515	-145.927
  1516	-146.672
  1517	-147.523
  1518	-148.452
  1519	-149.428
  1520	-150.417
  1521	-151.386
  1522	-152.301
  1523	-153.128
  1524	-153.833
  1525	-154.391
  1526	-154.785
  1527	-155.009
  1528	-155.07
  1529	-154.975
  1530	-154.733
  1531	-154.348
  1532	-153.827
  1533	-153.174
  1534	-152.404
  1535	-151.543
  1536	-150.63
  1537	-149.707
  1538	-148.814
  1539	-147.983
  1540	-147.236
  1541	-146.588
  1542	-146.048
  1543	-145.62
  1544	-145.299
  1545	-145.077
  1546	-144.937
  1547	-144.864
  1548	-144.846
  1549	-144.884
  1550	-144.984
  1551	-145.164
  1552	-145.438
  1553	-145.812
  1554	-146.28
  1555	-146.821
  1556	-147.405
  1557	-147.999
  1558	-148.574
  1559	-149.107
  1560	-149.58
  1561	-149.974
  1562	-150.268
  1563	-150.44
  1564	-150.466
  1565	-150.333
  1566	-150.03
  1567	-149.558
  1568	-148.924
  1569	-148.139
  1570	-147.219
  1571	-146.186
  1572	-145.063
  1573	-143.882
  1574	-142.677
  1575	-141.485
  1576	-140.336
  1577	-139.251
  1578	-138.244
  1579	-137.325
  1580	-136.501
  1581	-135.782
  1582	-135.178
  1583	-134.699
  1584	-134.342
  1585	-134.094
  1586	-133.93
  1587	-133.821
  1588	-133.742
  1589	-133.674
  1590	-133.61
  1591	-133.555
  1592	-133.521
  1593	-133.523
  1594	-133.577
  1595	-133.691
  1596	-133.863
  1597	-134.079
  1598	-134.312
  1599	-134.521
  1600	-134.662
  1601	-134.692
  1602	-134.575
  1603	-134.29
  1604	-133.834
  1605	-133.216
  1606	-132.459
  1607	-131.588
  1608	-130.628
  1609	-129.6
  1610	-128.522
  1611	-127.408
  1612	-126.273
  1613	-125.135
  1614	-124.014
  1615	-122.933
  1616	-121.915
  1617	-120.983
  1618	-120.159
  1619	-119.461
  1620	-118.9
  1621	-118.474
  1622	-118.165
  1623	-117.937
  1624	-117.743
  1625	-117.53
  1626	-117.261
  1627	-116.918
  1628	-116.509
  1629	-116.067
  1630	-115.64
  1631	-115.279
  1632	-115.028
  1633	-114.913
  1634	-114.944
  1635	-115.115
  1636	-115.412
  1637	-115.818
  1638	-116.318
  1639	-116.898
  1640	-117.545
  1641	-118.242
  1642	-118.969
  1643	-119.698
  1644	-120.393
  1645	-121.014
  1646	-121.519
  1647	-121.872
  1648	-122.052
  1649	-122.059
  1650	-121.918
  1651	-121.672
  1652	-121.378
  1653	-121.086
  1654	-120.834
  1655	-120.639
  1656	-120.49
  1657	-120.367
  1658	-120.242
  1659	-120.093
  1660	-119.914
  1661	-119.714
  1662	-119.512
  1663	-119.33
  1664	-119.187
  1665	-119.09
  1666	-119.032
  1667	-119
  1668	-118.98
  1669	-118.961
  1670	-118.942
  1671	-118.932
  1672	-118.95
  1673	-119.02
  1674	-119.168
  1675	-119.416
  1676	-119.776
  1677	-120.244
  1678	-120.803
  1679	-121.42
  1680	-122.052
  1681	-122.651
  1682	-123.173
  1683	-123.585
  1684	-123.87
  1685	-124.029
  1686	-124.074
  1687	-124.031
  1688	-123.925
  1689	-123.779
  1690	-123.61
  1691	-123.426
  1692	-123.231
  1693	-123.025
  1694	-122.805
  1695	-122.572
  1696	-122.325
  1697	-122.066
  1698	-121.797
  1699	-121.516
  1700	-121.222
  1701	-120.91
  1702	-120.573
  1703	-120.2
  1704	-119.782
  1705	-119.31
  1706	-118.785
  1707	-118.216
  1708	-117.629
  1709	-117.06
  1710	-116.552
  1711	-116.144
  1712	-115.868
  1713	-115.733
  1714	-115.73
  1715	-115.832
  1716	-116.002
  1717	-116.198
  1718	-116.384
  1719	-116.536
  1720	-116.635
  1721	-116.67
  1722	-116.633
  1723	-116.514
  1724	-116.301
  1725	-115.985
  1726	-115.56
  1727	-115.027
  1728	-114.4
  1729	-113.706
  1730	-112.982
  1731	-112.274
  1732	-111.633
  1733	-111.109
  1734	-110.742
  1735	-110.554
  1736	-110.541
  1737	-110.679
  1738	-110.927
  1739	-111.242
  1740	-111.589
  1741	-111.949
  1742	-112.314
  1743	-112.685
  1744	-113.062
  1745	-113.44
  1746	-113.808
  1747	-114.154
  1748	-114.468
  1749	-114.755
  1750	-115.03
  1751	-115.323
  1752	-115.668
  1753	-116.098
  1754	-116.636
  1755	-117.285
  1756	-118.034
  1757	-118.85
  1758	-119.688
  1759	-120.499
  1760	-121.228
  1761	-121.824
  1762	-122.252
  1763	-122.493
  1764	-122.549
  1765	-122.442
  1766	-122.21
  1767	-121.893
  1768	-121.532
  1769	-121.165
  1770	-120.817
  1771	-120.511
  1772	-120.269
  1773	-120.112
  1774	-120.062
  1775	-120.141
  1776	-120.364
  1777	-120.733
  1778	-121.235
  1779	-121.843
  1780	-122.519
  1781	-123.219
  1782	-123.899
  1783	-124.523
  1784	-125.065
  1785	-125.513
  1786	-125.872
  1787	-126.164
  1788	-126.425
  1789	-126.703
  1790	-127.045
  1791	-127.491
  1792	-128.064
  1793	-128.766
  1794	-129.575
  1795	-130.459
  1796	-131.375
  1797	-132.285
  1798	-133.152
  1799	-133.949
  1800	-134.65
  1801	-135.232
  1802	-135.674
  1803	-135.96
  1804	-136.081
  1805	-136.037
  1806	-135.84
  1807	-135.514
  1808	-135.088
  1809	-134.603
  1810	-134.104
  1811	-133.642
  1812	-133.265
  1813	-133.017
  1814	-132.93
  1815	-133.017
  1816	-133.271
  1817	-133.667
  1818	-134.173
  1819	-134.757
  1820	-135.393
  1821	-136.067
  1822	-136.772
  1823	-137.502
  1824	-138.255
  1825	-139.029
  1826	-139.822
  1827	-140.638
  1828	-141.48
  1829	-142.355
  1830	-143.268
  1831	-144.226
  1832	-145.228
  1833	-146.265
  1834	-147.323
  1835	-148.378
  1836	-149.395
  1837	-150.332
  1838	-151.144
  1839	-151.788
  1840	-152.227
  1841	-152.439
  1842	-152.417
  1843	-152.174
  1844	-151.739
  1845	-151.152
  1846	-150.457
  1847	-149.702
  1848	-148.926
  1849	-148.165
  1850	-147.45
  1851	-146.804
  1852	-146.25
  1853	-145.807
  1854	-145.49
  1855	-145.307
  1856	-145.261
  1857	-145.346
  1858	-145.543
  1859	-145.825
  1860	-146.159
  1861	-146.508
  1862	-146.841
  1863	-147.132
  1864	-147.369
  1865	-147.553
  1866	-147.694
  1867	-147.811
  1868	-147.925
  1869	-148.049
  1870	-148.186
  1871	-148.325
  1872	-148.443
  1873	-148.509
  1874	-148.495
  1875	-148.375
  1876	-148.131
  1877	-147.755
  1878	-147.245
  1879	-146.61
  1880	-145.861
  1881	-145.012
  1882	-144.075
  1883	-143.062
  1884	-141.981
  1885	-140.841
  1886	-139.657
  1887	-138.451
  1888	-137.257
  1889	-136.128
  1890	-135.123
  1891	-134.303
  1892	-133.718
  1893	-133.4
  1894	-133.355
  1895	-133.562
  1896	-133.973
  1897	-134.525
  1898	-135.154
  1899	-135.799
  1900	-136.417
  1901	-136.977
  1902	-137.466
  1903	-137.886
  1904	-138.246
  1905	-138.559
  1906	-138.837
  1907	-139.09
  1908	-139.325
  1909	-139.55
  1910	-139.771
  1911	-140.002
  1912	-140.258
  1913	-140.553
  1914	-140.895
  1915	-141.283
  1916	-141.701
  1917	-142.121
  1918	-142.5
  1919	-142.793
  1920	-142.959
  1921	-142.967
  1922	-142.797
  1923	-142.451
  1924	-141.944
  1925	-141.31
  1926	-140.592
  1927	-139.843
  1928	-139.116
  1929	-138.457
  1930	-137.906
  1931	-137.49
  1932	-137.224
  1933	-137.113
  1934	-137.155
  1935	-137.337
  1936	-137.645
  1937	-138.052
  1938	-138.528
  1939	-139.035
  1940	-139.53
  1941	-139.972
  1942	-140.323
  1943	-140.554
  1944	-140.652
  1945	-140.62
  1946	-140.475
  1947	-140.249
  1948	-139.982
  1949	-139.718
  1950	-139.497
  1951	-139.348
  1952	-139.287
  1953	-139.316
  1954	-139.428
  1955	-139.606
  1956	-139.833
  1957	-140.094
  1958	-140.376
  1959	-140.671
  1960	-140.972
  1961	-141.27
  1962	-141.554
  1963	-141.813
  1964	-142.032
  1965	-142.197
  1966	-142.299
  1967	-142.334
  1968	-142.307
  1969	-142.228
  1970	-142.113
  1971	-141.979
  1972	-141.843
  1973	-141.711
  1974	-141.584
  1975	-141.452
  1976	-141.295
  1977	-141.09
  1978	-140.815
  1979	-140.455
  1980	-140.003
  1981	-139.462
  1982	-138.847
  1983	-138.179
  1984	-137.487
  1985	-136.797
  1986	-136.137
  1987	-135.533
  1988	-135.01
  1989	-134.593
  1990	-134.31
  1991	-134.183
  1992	-134.233
  1993	-134.468
  1994	-134.882
  1995	-135.453
  1996	-136.141
  1997	-136.895
  1998	-137.659
  1999	-138.379
  2000	-139.013
  2001	-139.535
