     1	-20.3301
     2	-20.4706
     3	-20.7083
     4	-21.07
     5	-21.5698
     6	-22.1999
     7	-22.93
     8	-23.7106
     9	-24.4856
    10	-25.2104
    11	-25.8623
    12	-26.4454
    13	-26.9825
    14	-27.502
    15	-28.0213
    16	-28.5356
    17	-29.0144
    18	-29.4122
    19	-29.6846
    20	-29.806
    21	-29.7828
    22	-29.6534
    23	-29.4768
    24	-29.313
    25	-29.2051
    26	-29.167
    27	-29.1829
    28	-29.2159
    29	-29.2254
    30	-29.1841
    31	-29.0899
    32	-28.9684
    33	-28.864
    34	-28.8227
    35	-28.8763
    36	-29.0285
    37	-29.2504
    38	-29.4875
    39	-29.6753
    40	-29.7586
    41	-29.7089
    42	-29.533
    43	-29.2688
    44	-28.9712
    45	-28.6937
    46	-28.4716
    47	-28.3145
    48	-28.2078
    49	-28.1238
    50	-28.0363
    51	-27.9327
    52	-27.8209
    53	-27.7257
    54	-27.679
    55	-27.7052
    56	-27.8106
    57	-27.9788
    58	-28.174
    59	-28.3509
    60	-28.4683
    61	-28.4994
    62	-28.4363
    63	-28.2885
    64	-28.0747
    65	-27.814
    66	-27.5186
    67	-27.1931
    68	-26.8358
    69	-26.4457
    70	-26.0292
    71	-25.603
    72	-25.1928
    73	-24.8278
    74	-24.5315
    75	-24.314
    76	-24.1667
    77	-24.0634
    78	-23.9685
    79	-23.8488
    80	-23.6858
    81	-23.483
    82	-23.2637
    83	-23.0624
    84	-22.9108
    85	-22.8253
    86	-22.8008
    87	-22.8136
    88	-22.8325
    89	-22.8332
    90	-22.8123
    91	-22.7919
    92	-22.8153
    93	-22.9333
    94	-23.186
    95	-23.5883
    96	-24.1206
    97	-24.7326
    98	-25.3564
    99	-25.9266
   100	-26.4006
   101	-26.7706
   102	-27.0633
   103	-27.3272
   104	-27.6122
   105	-27.9507
   106	-28.3464
   107	-28.774
   108	-29.1891
   109	-29.5443
   110	-29.809
   111	-29.9802
   112	-30.0852
   113	-30.1713
   114	-30.2894
   115	-30.4761
   116	-30.7398
   117	-31.0556
   118	-31.3722
   119	-31.6266
   120	-31.7625
   121	-31.7475
   122	-31.5817
   123	-31.2959
   124	-30.9404
   125	-30.5684
   126	-30.222
   127	-29.924
   128	-29.6761
   129	-29.4657
   130	-29.277
   131	-29.1011
   132	-28.9438
   133	-28.8268
   134	-28.7804
   135	-28.8335
   136	-29.0024
   137	-29.2824
   138	-29.6472
   139	-30.0525
   140	-30.4473
   141	-30.7845
   142	-31.0304
   143	-31.1674
   144	-31.1921
   145	-31.1103
   146	-30.9298
   147	-30.6583
   148	-30.3043
   149	-29.8795
   150	-29.4052
   151	-28.9132
   152	-28.4437
   153	-28.0409
   154	-27.7445
   155	-27.5816
   156	-27.5633
   157	-27.6847
   158	-27.9302
   159	-28.2812
   160	-28.7232
   161	-29.251
   162	-29.8682
   163	-30.5807
   164	-31.3884
   165	-32.2798
   166	-33.2283
   167	-34.1921
   168	-35.1275
   169	-36.0002
   170	-36.7924
   171	-37.5104
   172	-38.1804
   173	-38.84
   174	-39.5229
   175	-40.2441
   176	-40.9924
   177	-41.7316
   178	-42.411
   179	-42.9827
   180	-43.4175
   181	-43.7153
   182	-43.9047
   183	-44.0328
   184	-44.1504
   185	-44.2957
   186	-44.485
   187	-44.709
   188	-44.9397
   189	-45.141
   190	-45.2831
   191	-45.3543
   192	-45.367
   193	-45.354
   194	-45.3585
   195	-45.4186
   196	-45.5541
   197	-45.7583
   198	-45.9996
   199	-46.2323
   200	-46.4109
   201	-46.5054
   202	-46.5092
   203	-46.4386
   204	-46.3242
   205	-46.1986
   206	-46.0863
   207	-45.9977
   208	-45.9299
   209	-45.8718
   210	-45.8111
   211	-45.7418
   212	-45.668
   213	-45.6048
   214	-45.5752
   215	-45.604
   216	-45.7116
   217	-45.9101
   218	-46.2012
   219	-46.578
   220	-47.0291
   221	-47.5421
   222	-48.1072
   223	-48.7148
   224	-49.3522
   225	-50.003
   226	-50.6444
   227	-51.2497
   228	-51.7915
   229	-52.2463
   230	-52.6024
   231	-52.8606
   232	-53.0321
   233	-53.1332
   234	-53.1782
   235	-53.1755
   236	-53.1259
   237	-53.0259
   238	-52.8739
   239	-52.6776
   240	-52.4585
   241	-52.2526
   242	-52.1033
   243	-52.0521
   244	-52.1276
   245	-52.3372
   246	-52.6632
   247	-53.065
   248	-53.4895
   249	-53.8828
   250	-54.2035
   251	-54.431
   252	-54.5656
   253	-54.6221
   254	-54.6202
   255	-54.5736
   256	-54.4827
   257	-54.3353
   258	-54.1128
   259	-53.8001
   260	-53.3984
   261	-52.932
   262	-52.4507
   263	-52.0214
   264	-51.714
   265	-51.5874
   266	-51.6765
   267	-51.9839
   268	-52.483
   269	-53.1274
   270	-53.8621
   271	-54.6382
   272	-55.4178
   273	-56.1773
   274	-56.902
   275	-57.5756
   276	-58.1745
   277	-58.6633
   278	-58.9992
   279	-59.1382
   280	-59.0446
   281	-58.6996
   282	-58.1088
   283	-57.3052
   284	-56.3451
   285	-55.2991
   286	-54.2399
   287	-53.2335
   288	-52.3269
   289	-51.5464
   290	-50.9048
   291	-50.4071
   292	-50.057
   293	-49.8614
   294	-49.829
   295	-49.966
   296	-50.2707
   297	-50.7313
   298	-51.3237
   299	-52.0142
   300	-52.7645
   301	-53.5345
   302	-54.2855
   303	-54.9792
   304	-55.5777
   305	-56.0463
   306	-56.3546
   307	-56.4805
   308	-56.412
   309	-56.1496
   310	-55.7058
   311	-55.1039
   312	-54.3753
   313	-53.5552
   314	-52.6789
   315	-51.7794
   316	-50.8854
   317	-50.021
   318	-49.2099
   319	-48.4785
   320	-47.8564
   321	-47.3764
   322	-47.0696
   323	-46.9576
   324	-47.0443
   325	-47.311
   326	-47.7162
   327	-48.2014
   328	-48.7051
   329	-49.1756
   330	-49.5768
   331	-49.8931
   332	-50.1262
   333	-50.2888
   334	-50.3954
   335	-50.4543
   336	-50.4642
   337	-50.4148
   338	-50.2932
   339	-50.0919
   340	-49.817
   341	-49.4925
   342	-49.1585
   343	-48.8641
   344	-48.6567
   345	-48.5693
   346	-48.6124
   347	-48.7727
   348	-49.0169
   349	-49.3015
   350	-49.5843
   351	-49.8341
   352	-50.0353
   353	-50.1862
   354	-50.2908
   355	-50.3518
   356	-50.3631
   357	-50.3092
   358	-50.1694
   359	-49.9264
   360	-49.5755
   361	-49.1301
   362	-48.6232
   363	-48.0987
   364	-47.603
   365	-47.1763
   366	-46.8457
   367	-46.6225
   368	-46.5051
   369	-46.4853
   370	-46.5511
   371	-46.6938
   372	-46.9094
   373	-47.1972
   374	-47.5559
   375	-47.9816
   376	-48.4639
   377	-48.9861
   378	-49.5259
   379	-50.0598
   380	-50.5656
   381	-51.0264
   382	-51.4308
   383	-51.7724
   384	-52.0494
   385	-52.2625
   386	-52.4131
   387	-52.5023
   388	-52.5302
   389	-52.4965
   390	-52.4021
   391	-52.2519
   392	-52.0559
   393	-51.8283
   394	-51.5848
   395	-51.3404
   396	-51.106
   397	-50.8894
   398	-50.6974
   399	-50.5405
   400	-50.4373
   401	-50.4144
   402	-50.502
   403	-50.7254
   404	-51.0943
   405	-51.5965
   406	-52.1959
   407	-52.8395
   408	-53.4683
   409	-54.0295
   410	-54.4829
   411	-54.8033
   412	-54.9762
   413	-54.9907
   414	-54.8354
   415	-54.4981
   416	-53.9685
   417	-53.2422
   418	-52.3284
   419	-51.2533
   420	-50.0606
   421	-48.8109
   422	-47.58
   423	-46.4481
   424	-45.4918
   425	-44.7777
   426	-44.3531
   427	-44.241
   428	-44.442
   429	-44.9399
   430	-45.7093
   431	-46.7214
   432	-47.9464
   433	-49.3494
   434	-50.8837
   435	-52.4865
   436	-54.0773
   437	-55.5642
   438	-56.8524
   439	-57.8563
   440	-58.5125
   441	-58.7866
   442	-58.6746
   443	-58.2021
   444	-57.4182
   445	-56.3886
   446	-55.1869
   447	-53.8854
   448	-52.5502
   449	-51.2395
   450	-50.0064
   451	-48.9025
   452	-47.9813
   453	-47.2919
   454	-46.8722
   455	-46.7447
   456	-46.9104
   457	-47.3466
   458	-48.0117
   459	-48.8507
   460	-49.8018
   461	-50.8027
   462	-51.7942
   463	-52.7245
   464	-53.5504
   465	-54.2364
   466	-54.7569
   467	-55.0944
   468	-55.2403
   469	-55.1939
   470	-54.9596
   471	-54.5477
   472	-53.9749
   473	-53.264
   474	-52.4424
   475	-51.5425
   476	-50.5995
   477	-49.6495
   478	-48.7294
   479	-47.8747
   480	-47.1185
   481	-46.488
   482	-46.0018
   483	-45.6651
   484	-45.4686
   485	-45.3872
   486	-45.3871
   487	-45.4325
   488	-45.4948
   489	-45.5575
   490	-45.6154
   491	-45.6704
   492	-45.7223
   493	-45.7617
   494	-45.7651
   495	-45.6967
   496	-45.5163
   497	-45.1907
   498	-44.7071
   499	-44.0811
   500	-43.3557
   501	-42.5928
   502	-41.8595
   503	-41.2114
   504	-40.6799
   505	-40.2678
   506	-39.952
   507	-39.6939
   508	-39.4536
   509	-39.2035
   510	-38.9356
   511	-38.6621
   512	-38.407
   513	-38.1955
   514	-38.0419
   515	-37.9417
   516	-37.8703
   517	-37.7884
   518	-37.652
   519	-37.424
   520	-37.0848
   521	-36.6377
   522	-36.1097
   523	-35.5438
   524	-34.989
   525	-34.4866
   526	-34.0611
   527	-33.7164
   528	-33.4404
   529	-33.2151
   530	-33.026
   531	-32.8714
   532	-32.7628
   533	-32.72
   534	-32.7619
   535	-32.8973
   536	-33.1201
   537	-33.4077
   538	-33.7262
   539	-34.0367
   540	-34.3012
   541	-34.4876
   542	-34.5726
   543	-34.5422
   544	-34.3926
   545	-34.1282
   546	-33.7614
   547	-33.3103
   548	-32.797
   549	-32.2462
   550	-31.6847
   551	-31.1388
   552	-30.6333
   553	-30.1897
   554	-29.8261
   555	-29.5564
   556	-29.3923
   557	-29.3445
   558	-29.4247
   559	-29.6457
   560	-30.0202
   561	-30.5576
   562	-31.2605
   563	-32.1155
   564	-33.0889
   565	-34.1271
   566	-35.1622
   567	-36.1227
   568	-36.9451
   569	-37.584
   570	-38.0164
   571	-38.24
   572	-38.2667
   573	-38.1134
   574	-37.7961
   575	-37.3248
   576	-36.7068
   577	-35.9505
   578	-35.075
   579	-34.1153
   580	-33.1196
   581	-32.1447
   582	-31.2472
   583	-30.4755
   584	-29.8631
   585	-29.4261
   586	-29.1656
   587	-29.0734
   588	-29.1389
   589	-29.3541
   590	-29.7167
   591	-30.2279
   592	-30.888
   593	-31.6896
   594	-32.6125
   595	-33.6219
   596	-34.6709
   597	-35.7085
   598	-36.6842
   599	-37.5547
   600	-38.2909
   601	-38.8761
   602	-39.3011
   603	-39.5611
   604	-39.6512
   605	-39.5636
   606	-39.2905
   607	-38.8299
   608	-38.1916
   609	-37.4044
   610	-36.52
   611	-35.6099
   612	-34.7568
   613	-34.0419
   614	-33.5316
   615	-33.2682
   616	-33.2669
   617	-33.5189
   618	-34.0003
   619	-34.6815
   620	-35.5314
   621	-36.5193
   622	-37.6116
   623	-38.7681
   624	-39.9389
   625	-41.0656
   626	-42.0866
   627	-42.9428
   628	-43.5888
   629	-43.9976
   630	-44.1619
   631	-44.0955
   632	-43.8302
   633	-43.411
   634	-42.8903
   635	-42.3219
   636	-41.7566
   637	-41.2386
   638	-40.807
   639	-40.4964
   640	-40.334
   641	-40.34
   642	-40.5243
   643	-40.8841
   644	-41.4012
   645	-42.0425
   646	-42.7637
   647	-43.5146
   648	-44.2475
   649	-44.921
   650	-45.5003
   651	-45.9562
   652	-46.2651
   653	-46.4071
   654	-46.368
   655	-46.1439
   656	-45.7462
   657	-45.2035
   658	-44.563
   659	-43.8859
   660	-43.2393
   661	-42.6848
   662	-42.2677
   663	-42.0087
   664	-41.9012
   665	-41.9141
   666	-42.0027
   667	-42.1208
   668	-42.2318
   669	-42.314
   670	-42.3594
   671	-42.3654
   672	-42.3261
   673	-42.2255
   674	-42.0356
   675	-41.7217
   676	-41.2516
   677	-40.6078
   678	-39.7944
   679	-38.8405
   680	-37.7991
   681	-36.7377
   682	-35.7243
   683	-34.817
   684	-34.054
   685	-33.4486
   686	-32.993
   687	-32.6674
   688	-32.4533
   689	-32.3443
   690	-32.3515
   691	-32.5011
   692	-32.8243
   693	-33.3431
   694	-34.058
   695	-34.9416
   696	-35.9404
   697	-36.9827
   698	-37.994
   699	-38.9102
   700	-39.6846
   701	-40.2925
   702	-40.7289
   703	-41.0019
   704	-41.1231
   705	-41.1026
   706	-40.9429
   707	-40.6397
   708	-40.1875
   709	-39.5877
   710	-38.8563
   711	-38.0289
   712	-37.1586
   713	-36.312
   714	-35.5575
   715	-34.9547
   716	-34.5467
   717	-34.3576
   718	-34.3939
   719	-34.6483
   720	-35.1037
   721	-35.7357
   722	-36.5129
   723	-37.3997
   724	-38.358
   725	-39.3501
   726	-40.342
   727	-41.3059
   728	-42.217
   729	-43.05
   730	-43.7778
   731	-44.3672
   732	-44.7789
   733	-44.97
   734	-44.9
   735	-44.5411
   736	-43.8865
   737	-42.9535
   738	-41.7903
   739	-40.4736
   740	-39.0949
   741	-37.7512
   742	-36.5275
   743	-35.4896
   744	-34.677
   745	-34.0974
   746	-33.7391
   747	-33.584
   748	-33.6193
   749	-33.8433
   750	-34.2639
   751	-34.8879
   752	-35.7065
   753	-36.6873
   754	-37.7719
   755	-38.8797
   756	-39.9229
   757	-40.8226
   758	-41.5233
   759	-41.9987
   760	-42.2501
   761	-42.3004
   762	-42.1835
   763	-41.9356
   764	-41.5859
   765	-41.1532
   766	-40.647
   767	-40.0717
   768	-39.4362
   769	-38.7606
   770	-38.077
   771	-37.4286
   772	-36.8619
   773	-36.4174
   774	-36.1207
   775	-35.978
   776	-35.9772
   777	-36.0936
   778	-36.2998
   779	-36.5741
   780	-36.9053
   781	-37.291
   782	-37.7325
   783	-38.2247
   784	-38.7501
   785	-39.2797
   786	-39.7759
   787	-40.2007
   788	-40.5231
   789	-40.7218
   790	-40.7867
   791	-40.7139
   792	-40.5017
   793	-40.1498
   794	-39.6611
   795	-39.0458
   796	-38.3241
   797	-37.5255
   798	-36.6881
   799	-35.8555
   800	-35.0699
   801	-34.3699
   802	-33.7871
   803	-33.3437
   804	-33.0514
   805	-32.9133
   806	-32.9258
   807	-33.084
   808	-33.3838
   809	-33.8233
   810	-34.3998
   811	-35.104
   812	-35.9136
   813	-36.788
   814	-37.6692
   815	-38.4893
   816	-39.1815
   817	-39.6921
   818	-39.9898
   819	-40.0696
   820	-39.9493
   821	-39.6631
   822	-39.2524
   823	-38.7568
   824	-38.2095
   825	-37.6377
   826	-37.0662
   827	-36.5227
   828	-36.0402
   829	-35.6554
   830	-35.4041
   831	-35.311
   832	-35.3807
   833	-35.5929
   834	-35.9033
   835	-36.2503
   836	-36.567
   837	-36.7931
   838	-36.8829
   839	-36.8105
   840	-36.5677
   841	-36.1595
   842	-35.5986
   843	-34.9001
   844	-34.0797
   845	-33.1521
   846	-32.1349
   847	-31.0547
   848	-29.9485
   849	-28.8654
   850	-27.8655
   851	-27.0122
   852	-26.362
   853	-25.9542
   854	-25.8044
   855	-25.904
   856	-26.2239
   857	-26.7223
   858	-27.355
   859	-28.0811
   860	-28.8642
   861	-29.6715
   862	-30.469
   863	-31.2188
   864	-31.879
   865	-32.4067
   866	-32.7644
   867	-32.9254
   868	-32.8769
   869	-32.62
   870	-32.1663
   871	-31.5352
   872	-30.7512
   873	-29.8439
   874	-28.8497
   875	-27.8108
   876	-26.7761
   877	-25.8003
   878	-24.9359
   879	-24.2287
   880	-23.7183
   881	-23.4312
   882	-23.3773
   883	-23.55
   884	-23.9285
   885	-24.4833
   886	-25.1834
   887	-26.0018
   888	-26.9198
   889	-27.9257
   890	-29.0049
   891	-30.1327
   892	-31.2707
   893	-32.3614
   894	-33.334
   895	-34.121
   896	-34.6689
   897	-34.9507
   898	-34.9667
   899	-34.7433
   900	-34.3259
   901	-33.7666
   902	-33.1141
   903	-32.4042
   904	-31.6585
   905	-30.8898
   906	-30.1084
   907	-29.33
   908	-28.579
   909	-27.8873
   910	-27.2899
   911	-26.8154
   912	-26.4801
   913	-26.2832
   914	-26.2086
   915	-26.2291
   916	-26.3134
   917	-26.4342
   918	-26.5742
   919	-26.728
   920	-26.9009
   921	-27.1031
   922	-27.3445
   923	-27.6289
   924	-27.9529
   925	-28.3065
   926	-28.6786
   927	-29.0619
   928	-29.4584
   929	-29.8796
   930	-30.3432
   931	-30.8662
   932	-31.4568
   933	-32.1084
   934	-32.7975
   935	-33.4875
   936	-34.1353
   937	-34.6983
   938	-35.1388
   939	-35.4267
   940	-35.5388
   941	-35.4583
   942	-35.1727
   943	-34.6753
   944	-33.966
   945	-33.0541
   946	-31.9601
   947	-30.7167
   948	-29.3689
   949	-27.9711
   950	-26.5852
   951	-25.2762
   952	-24.109
   953	-23.1422
   954	-22.4225
   955	-21.9839
   956	-21.8459
   957	-22.0145
   958	-22.484
   959	-23.2378
   960	-24.2471
   961	-25.471
   962	-26.8551
   963	-28.3379
   964	-29.8563
   965	-31.3503
   966	-32.769
   967	-34.072
   968	-35.2301
   969	-36.221
   970	-37.0208
   971	-37.6023
   972	-37.9365
   973	-37.9987
   974	-37.7762
   975	-37.2749
   976	-36.5222
   977	-35.5686
   978	-34.4846
   979	-33.3547
   980	-32.2646
   981	-31.29
   982	-30.487
   983	-29.8873
   984	-29.5002
   985	-29.3217
   986	-29.3439
   987	-29.5654
   988	-29.9952
   989	-30.6516
   990	-31.5515
   991	-32.7004
   992	-34.081
   993	-35.6488
   994	-37.3359
   995	-39.0595
   996	-40.733
   997	-42.2795
   998	-43.6315
   999	-44.7342
  1000	-45.5531
  1001	-46.0702
  1002	-46.2812
  1003	-46.1933
  1004	-45.8239
  1005	-45.2022
  1006	-44.37
  1007	-43.3829
  1008	-42.3075
  1009	-41.2182
  1010	-40.1904
  1011	-39.2937
  1012	-38.5821
  1013	-38.0904
  1014	-37.8306
  1015	-37.7938
  1016	-37.9572
  1017	-38.2937
  1018	-38.7791
  1019	-39.3945
  1020	-40.1226
  1021	-40.9437
  1022	-41.8313
  1023	-42.7514
  1024	-43.6658
  1025	-44.5363
  1026	-45.3309
  1027	-46.0263
  1028	-46.6094
  1029	-47.0751
  1030	-47.4232
  1031	-47.6561
  1032	-47.7797
  1033	-47.8024
  1034	-47.7369
  1035	-47.6005
  1036	-47.4147
  1037	-47.204
  1038	-46.9938
  1039	-46.8068
  1040	-46.6603
  1041	-46.5649
  1042	-46.5246
  1043	-46.5401
  1044	-46.6133
  1045	-46.7521
  1046	-46.9723
  1047	-47.2941
  1048	-47.7367
  1049	-48.3087
  1050	-49.0003
  1051	-49.7807
  1052	-50.601
  1053	-51.4016
  1054	-52.1232
  1055	-52.7184
  1056	-53.1601
  1057	-53.445
  1058	-53.592
  1059	-53.6359
  1060	-53.6152
  1061	-53.563
  1062	-53.4993
  1063	-53.4313
  1064	-53.3569
  1065	-53.274
  1066	-53.1887
  1067	-53.1197
  1068	-53.0964
  1069	-53.1513
  1070	-53.3094
  1071	-53.5787
  1072	-53.944
  1073	-54.3705
  1074	-54.81
  1075	-55.211
  1076	-55.5298
  1077	-55.7365
  1078	-55.8185
  1079	-55.7768
  1080	-55.6196
  1081	-55.3557
  1082	-54.9898
  1083	-54.5236
  1084	-53.9588
  1085	-53.3032
  1086	-52.5779
  1087	-51.8209
  1088	-51.0866
  1089	-50.4384
  1090	-49.9371
  1091	-49.629
  1092	-49.5358
  1093	-49.6524
  1094	-49.9493
  1095	-50.3818
  1096	-50.9002
  1097	-51.4597
  1098	-52.0258
  1099	-52.5761
  1100	-53.0972
  1101	-53.58
  1102	-54.0149
  1103	-54.3865
  1104	-54.6735
  1105	-54.8525
  1106	-54.9007
  1107	-54.8024
  1108	-54.5522
  1109	-54.1572
  1110	-53.6356
  1111	-53.0117
  1112	-52.3136
  1113	-51.5645
  1114	-50.7818
  1115	-49.9814
  1116	-49.1795
  1117	-48.3963
  1118	-47.6549
  1119	-46.9783
  1120	-46.3864
  1121	-45.8925
  1122	-45.5018
  1123	-45.2146
  1124	-45.0318
  1125	-44.9584
  1126	-45.0064
  1127	-45.1924
  1128	-45.5311
  1129	-46.026
  1130	-46.6627
  1131	-47.4059
  1132	-48.1998
  1133	-48.9802
  1134	-49.6862
  1135	-50.2665
  1136	-50.6901
  1137	-50.9487
  1138	-51.0534
  1139	-51.0257
  1140	-50.89
  1141	-50.6649
  1142	-50.3617
  1143	-49.9854
  1144	-49.5416
  1145	-49.0421
  1146	-48.5097
  1147	-47.9782
  1148	-47.4895
  1149	-47.0857
  1150	-46.7999
  1151	-46.6471
  1152	-46.619
  1153	-46.6847
  1154	-46.797
  1155	-46.9045
  1156	-46.9643
  1157	-46.9527
  1158	-46.8692
  1159	-46.7319
  1160	-46.5677
  1161	-46.4002
  1162	-46.242
  1163	-46.0896
  1164	-45.9286
  1165	-45.7439
  1166	-45.5279
  1167	-45.2892
  1168	-45.0509
  1169	-44.8445
  1170	-44.7018
  1171	-44.6452
  1172	-44.6807
  1173	-44.7962
  1174	-44.9639
  1175	-45.1443
  1176	-45.2946
  1177	-45.376
  1178	-45.3608
  1179	-45.2372
  1180	-45.0101
  1181	-44.6985
  1182	-44.3313
  1183	-43.9428
  1184	-43.5675
  1185	-43.2363
  1186	-42.9746
  1187	-42.8014
  1188	-42.7297
  1189	-42.765
  1190	-42.9064
  1191	-43.1451
  1192	-43.4641
  1193	-43.8407
  1194	-44.2482
  1195	-44.6608
  1196	-45.0569
  1197	-45.4192
  1198	-45.7342
  1199	-45.9878
  1200	-46.1642
  1201	-46.2429
  1202	-46.2018
  1203	-46.0223
  1204	-45.6977
  1205	-45.2387
  1206	-44.6774
  1207	-44.0643
  1208	-43.4559
  1209	-42.9017
  1210	-42.43
  1211	-42.0395
  1212	-41.6989
  1213	-41.3594
  1214	-40.9713
  1215	-40.5007
  1216	-39.9395
  1217	-39.3028
  1218	-38.6201
  1219	-37.9198
  1220	-37.2167
  1221	-36.5083
  1222	-35.7795
  1223	-35.0109
  1224	-34.1902
  1225	-33.3232
  1226	-32.4372
  1227	-31.5789
  1228	-30.8023
  1229	-30.1577
  1230	-29.6812
  1231	-29.3851
  1232	-29.2547
  1233	-29.2518
  1234	-29.3229
  1235	-29.4118
  1236	-29.473
  1237	-29.4815
  1238	-29.4357
  1239	-29.3508
  1240	-29.2469
  1241	-29.1346
  1242	-29.0037
  1243	-28.8229
  1244	-28.5446
  1245	-28.119
  1246	-27.5084
  1247	-26.7004
  1248	-25.7122
  1249	-24.5883
  1250	-23.3896
  1251	-22.1796
  1252	-21.0076
  1253	-19.9075
  1254	-18.8973
  1255	-17.9789
  1256	-17.1507
  1257	-16.4177
  1258	-15.795
  1259	-15.3067
  1260	-14.9822
  1261	-14.846
  1262	-14.9111
  1263	-15.1716
  1264	-15.6011
  1265	-16.1532
  1266	-16.7675
  1267	-17.3771
  1268	-17.9133
  1269	-18.3138
  1270	-18.5327
  1271	-18.5432
  1272	-18.3379
  1273	-17.9265
  1274	-17.3306
  1275	-16.5791
  1276	-15.7052
  1277	-14.743
  1278	-13.7275
  1279	-12.6918
  1280	-11.6664
  1281	-10.6796
  1282	-9.75942
  1283	-8.93341
  1284	-8.23042
  1285	-7.68292
  1286	-7.32527
  1287	-7.19141
  1288	-7.30794
  1289	-7.68686
  1290	-8.3185
  1291	-9.16746
  1292	-10.1747
  1293	-11.266
  1294	-12.3654
  1295	-13.4068
  1296	-14.3432
  1297	-15.146
  1298	-15.8016
  1299	-16.3011
  1300	-16.6281
  1301	-16.7576
  1302	-16.6599
  1303	-16.3119
  1304	-15.7096
  1305	-14.8786
  1306	-13.8777
  1307	-12.7955
  1308	-11.7347
  1309	-10.7942
  1310	-10.0532
  1311	-9.5586
  1312	-9.32143
  1313	-9.32261
  1314	-9.52625
  1315	-9.8948
  1316	-10.4006
  1317	-11.0296
  1318	-11.7784
  1319	-12.6447
  1320	-13.6136
  1321	-14.6498
  1322	-15.6976
  1323	-16.6844
  1324	-17.534
  1325	-18.1844
  1326	-18.5983
  1327	-18.7687
  1328	-18.7181
  1329	-18.4903
  1330	-18.1386
  1331	-17.7132
  1332	-17.2516
  1333	-16.777
  1334	-16.3007
  1335	-15.8321
  1336	-15.3866
  1337	-14.9925
  1338	-14.6914
  1339	-14.5315
  1340	-14.5568
  1341	-14.7969
  1342	-15.2584
  1343	-15.9222
  1344	-16.7457
  1345	-17.6671
  1346	-18.6151
  1347	-19.5189
  1348	-20.3137
  1349	-20.9488
  1350	-21.396
  1351	-21.6492
  1352	-21.7204
  1353	-21.6351
  1354	-21.4263
  1355	-21.1309
  1356	-20.787
  1357	-20.4333
  1358	-20.1068
  1359	-19.8398
  1360	-19.6546
  1361	-19.5624
  1362	-19.5642
  1363	-19.6564
  1364	-19.8368
  1365	-20.1095
  1366	-20.4851
  1367	-20.9727
  1368	-21.5722
  1369	-22.2644
  1370	-23.0053
  1371	-23.7318
  1372	-24.3729
  1373	-24.8704
  1374	-25.1919
  1375	-25.3369
  1376	-25.3332
  1377	-25.2239
  1378	-25.0528
  1379	-24.849
  1380	-24.6205
  1381	-24.3558
  1382	-24.0321
  1383	-23.6295
  1384	-23.1433
  1385	-22.5932
  1386	-22.0257
  1387	-21.5084
  1388	-21.1154
  1389	-20.9094
  1390	-20.9261
  1391	-21.1643
  1392	-21.5853
  1393	-22.1261
  1394	-22.7186
  1395	-23.3072
  1396	-23.8637
  1397	-24.3917
  1398	-24.9167
  1399	-25.47
  1400	-26.0708
  1401	-26.7129
  1402	-27.361
  1403	-27.9589
  1404	-28.4432
  1405	-28.7575
  1406	-28.8665
  1407	-28.7633
  1408	-28.4692
  1409	-28.0275
  1410	-27.4919
  1411	-26.9145
  1412	-26.3365
  1413	-25.7819
  1414	-25.2606
  1415	-24.7781
  1416	-24.3442
  1417	-23.9794
  1418	-23.7165
  1419	-23.5967
  1420	-23.6579
  1421	-23.9253
  1422	-24.4035
  1423	-25.073
  1424	-25.8921
  1425	-26.8028
  1426	-27.7362
  1427	-28.6188
  1428	-29.3766
  1429	-29.9419
  1430	-30.2618
  1431	-30.3017
  1432	-30.0488
  1433	-29.5101
  1434	-28.7084
  1435	-27.6781
  1436	-26.4604
  1437	-25.1025
  1438	-23.6554
  1439	-22.1753
  1440	-20.7235
  1441	-19.3646
  1442	-18.1596
  1443	-17.1676
  1444	-16.4428
  1445	-16.0287
  1446	-15.9572
  1447	-16.2438
  1448	-16.8805
  1449	-17.8297
  1450	-19.0215
  1451	-20.3608
  1452	-21.7405
  1453	-23.0658
  1454	-24.2692
  1455	-25.3141
  1456	-26.1908
  1457	-26.9042
  1458	-27.4586
  1459	-27.8467
  1460	-28.0469
  1461	-28.0284
  1462	-27.7617
  1463	-27.2319
  1464	-26.4492
  1465	-25.4559
  1466	-24.3271
  1467	-23.1597
  1468	-22.06
  1469	-21.1233
  1470	-20.4131
  1471	-19.9522
  1472	-19.7244
  1473	-19.6875
  1474	-19.7926
  1475	-20.0032
  1476	-20.3064
  1477	-20.7124
  1478	-21.2429
  1479	-21.9143
  1480	-22.7189
  1481	-23.6194
  1482	-24.553
  1483	-25.4427
  1484	-26.2136
  1485	-26.8074
  1486	-27.1925
  1487	-27.3651
  1488	-27.348
  1489	-27.1816
  1490	-26.9112
  1491	-26.5766
  1492	-26.2047
  1493	-25.8071
  1494	-25.3862
  1495	-24.9455
  1496	-24.4983
  1497	-24.0722
  1498	-23.7069
  1499	-23.4455
  1500	-23.3225
  1501	-23.3539
  1502	-23.5329
  1503	-23.8326
  1504	-24.2147
  1505	-24.6384
  1506	-25.0688
  1507	-25.48
  1508	-25.853
  1509	-26.1734
  1510	-26.4265
  1511	-26.5972
  1512	-26.6709
  1513	-26.6373
  1514	-26.4923
  1515	-26.2403
  1516	-25.893
  1517	-25.4677
  1518	-24.9856
  1519	-24.4706
  1520	-23.9512
  1521	-23.459
  1522	-23.0298
  1523	-22.6989
  1524	-22.4983
  1525	-22.4532
  1526	-22.5765
  1527	-22.866
  1528	-23.3006
  1529	-23.8415
  1530	-24.4365
  1531	-25.0279
  1532	-25.5622
  1533	-26.0011
  1534	-26.3284
  1535	-26.5475
  1536	-26.6786
  1537	-26.7493
  1538	-26.7838
  1539	-26.7936
  1540	-26.7725
  1541	-26.6994
  1542	-26.5483
  1543	-26.3017
  1544	-25.9645
  1545	-25.5698
  1546	-25.1764
  1547	-24.8551
  1548	-24.6672
  1549	-24.6465
  1550	-24.7897
  1551	-25.0569
  1552	-25.3826
  1553	-25.696
  1554	-25.9399
  1555	-26.0822
  1556	-26.1195
  1557	-26.0701
  1558	-25.9624
  1559	-25.8225
  1560	-25.6657
  1561	-25.4922
  1562	-25.2896
  1563	-25.0395
  1564	-24.7278
  1565	-24.3535
  1566	-23.9366
  1567	-23.5187
  1568	-23.1561
  1569	-22.9068
  1570	-22.8166
  1571	-22.9061
  1572	-23.1656
  1573	-23.5588
  1574	-24.0329
  1575	-24.5347
  1576	-25.0233
  1577	-25.4781
  1578	-25.8983
  1579	-26.2965
  1580	-26.6892
  1581	-27.0875
  1582	-27.4917
  1583	-27.8886
  1584	-28.2559
  1585	-28.5684
  1586	-28.804
  1587	-28.9486
  1588	-28.9983
  1589	-28.9587
  1590	-28.8441
  1591	-28.6735
  1592	-28.4673
  1593	-28.2442
  1594	-28.0201
  1595	-27.8053
  1596	-27.6037
  1597	-27.4128
  1598	-27.2251
  1599	-27.0318
  1600	-26.826
  1601	-26.6078
  1602	-26.3858
  1603	-26.1778
  1604	-26.0077
  1605	-25.9001
  1606	-25.8738
  1607	-25.9357
  1608	-26.0777
  1609	-26.277
  1610	-26.5001
  1611	-26.7121
  1612	-26.8879
  1613	-27.0206
  1614	-27.1265
  1615	-27.2416
  1616	-27.4119
  1617	-27.6788
  1618	-28.0652
  1619	-28.5669
  1620	-29.1516
  1621	-29.7679
  1622	-30.3591
  1623	-30.8807
  1624	-31.3127
  1625	-31.6643
  1626	-31.9703
  1627	-32.2805
  1628	-32.6442
  1629	-33.0949
  1630	-33.6372
  1631	-34.2444
  1632	-34.8651
  1633	-35.4369
  1634	-35.9069
  1635	-36.2471
  1636	-36.4637
  1637	-36.5935
  1638	-36.6893
  1639	-36.8008
  1640	-36.9558
  1641	-37.1504
  1642	-37.3501
  1643	-37.5013
  1644	-37.5508
  1645	-37.4662
  1646	-37.2472
  1647	-36.9289
  1648	-36.5723
  1649	-36.2476
  1650	-36.0163
  1651	-35.9161
  1652	-35.955
  1653	-36.1145
  1654	-36.359
  1655	-36.6503
  1656	-36.9598
  1657	-37.2752
  1658	-37.6032
  1659	-37.9626
  1660	-38.3736
  1661	-38.8488
  1662	-39.3863
  1663	-39.9686
  1664	-40.5647
  1665	-41.1362
  1666	-41.6423
  1667	-42.0455
  1668	-42.3145
  1669	-42.428
  1670	-42.3752
  1671	-42.1578
  1672	-41.7877
  1673	-41.2867
  1674	-40.6823
  1675	-40.0031
  1676	-39.276
  1677	-38.5257
  1678	-37.7721
  1679	-37.0336
  1680	-36.3359
  1681	-35.7128
  1682	-35.2051
  1683	-34.8575
  1684	-34.7111
  1685	-34.7932
  1686	-35.1109
  1687	-35.6452
  1688	-36.3529
  1689	-37.1721
  1690	-38.0299
  1691	-38.8552
  1692	-39.59
  1693	-40.1983
  1694	-40.6692
  1695	-41.0134
  1696	-41.2552
  1697	-41.4229
  1698	-41.5364
  1699	-41.6001
  1700	-41.6015
  1701	-41.5159
  1702	-41.32
  1703	-41.0066
  1704	-40.5965
  1705	-40.1407
  1706	-39.7119
  1707	-39.387
  1708	-39.2286
  1709	-39.2689
  1710	-39.5027
  1711	-39.8922
  1712	-40.3795
  1713	-40.9037
  1714	-41.4185
  1715	-41.9047
  1716	-42.3716
  1717	-42.8498
  1718	-43.3779
  1719	-43.9867
  1720	-44.6857
  1721	-45.4572
  1722	-46.2577
  1723	-47.024
  1724	-47.6858
  1725	-48.1858
  1726	-48.4913
  1727	-48.6027
  1728	-48.5508
  1729	-48.3863
  1730	-48.1651
  1731	-47.9329
  1732	-47.7162
  1733	-47.5224
  1734	-47.3472
  1735	-47.1845
  1736	-47.0382
  1737	-46.9273
  1738	-46.8843
  1739	-46.9473
  1740	-47.149
  1741	-47.5074
  1742	-48.0201
  1743	-48.6665
  1744	-49.4128
  1745	-50.2164
  1746	-51.034
  1747	-51.8251
  1748	-52.5538
  1749	-53.1891
  1750	-53.7065
  1751	-54.0867
  1752	-54.3163
  1753	-54.3864
  1754	-54.2931
  1755	-54.0361
  1756	-53.6181
  1757	-53.0449
  1758	-52.3238
  1759	-51.4649
  1760	-50.4882
  1761	-49.4253
  1762	-48.3218
  1763	-47.2389
  1764	-46.2499
  1765	-45.4274
  1766	-44.8335
  1767	-44.5079
  1768	-44.4615
  1769	-44.6748
  1770	-45.1031
  1771	-45.6899
  1772	-46.3799
  1773	-47.1356
  1774	-47.9415
  1775	-48.7991
  1776	-49.7153
  1777	-50.6911
  1778	-51.7089
  1779	-52.7276
  1780	-53.6858
  1781	-54.51
  1782	-55.1259
  1783	-55.4782
  1784	-55.5456
  1785	-55.3426
  1786	-54.917
  1787	-54.3372
  1788	-53.6707
  1789	-52.9656
  1790	-52.2414
  1791	-51.4894
  1792	-50.6831
  1793	-49.7995
  1794	-48.8389
  1795	-47.8365
  1796	-46.8618
  1797	-46.0064
  1798	-45.3606
  1799	-44.9922
  1800	-44.9336
  1801	-45.176
  1802	-45.6778
  1803	-46.3726
  1804	-47.1851
  1805	-48.0461
  1806	-48.9016
  1807	-49.7182
  1808	-50.4793
  1809	-51.1776
  1810	-51.8085
  1811	-52.3605
  1812	-52.8097
  1813	-53.1187
  1814	-53.2436
  1815	-53.148
  1816	-52.8176
  1817	-52.271
  1818	-51.5607
  1819	-50.7646
  1820	-49.9745
  1821	-49.2743
  1822	-48.7228
  1823	-48.3513
  1824	-48.164
  1825	-48.1431
  1826	-48.2597
  1827	-48.4821
  1828	-48.7795
  1829	-49.1244
  1830	-49.4924
  1831	-49.8625
  1832	-50.2157
  1833	-50.5347
  1834	-50.8043
  1835	-51.0071
  1836	-51.124
  1837	-51.1346
  1838	-51.0182
  1839	-50.7576
  1840	-50.3432
  1841	-49.7769
  1842	-49.0788
  1843	-48.2832
  1844	-47.4368
  1845	-46.5961
  1846	-45.8149
  1847	-45.1323
  1848	-44.5637
  1849	-44.0978
  1850	-43.7005
  1851	-43.328
  1852	-42.9451
  1853	-42.5385
  1854	-42.1248
  1855	-41.7458
  1856	-41.4543
  1857	-41.2943
  1858	-41.2848
  1859	-41.4104
  1860	-41.6218
  1861	-41.847
  1862	-42.0064
  1863	-42.0341
  1864	-41.8928
  1865	-41.5824
  1866	-41.1373
  1867	-40.6142
  1868	-40.0749
  1869	-39.5695
  1870	-39.1229
  1871	-38.7313
  1872	-38.3694
  1873	-38.0059
  1874	-37.6227
  1875	-37.2317
  1876	-36.8795
  1877	-36.6392
  1878	-36.5915
  1879	-36.8025
  1880	-37.3022
  1881	-38.0758
  1882	-39.0665
  1883	-40.1874
  1884	-41.3404
  1885	-42.4375
  1886	-43.4148
  1887	-44.2399
  1888	-44.9042
  1889	-45.4108
  1890	-45.7638
  1891	-45.9572
  1892	-45.9722
  1893	-45.7803
  1894	-45.3519
  1895	-44.6681
  1896	-43.7311
  1897	-42.5725
  1898	-41.2495
  1899	-39.8389
  1900	-38.4312
  1901	-37.1156
  1902	-35.9694
  1903	-35.0509
  1904	-34.3964
  1905	-34.0206
  1906	-33.9195
  1907	-34.0717
  1908	-34.442
  1909	-34.9855
  1910	-35.6522
  1911	-36.394
  1912	-37.1697
  1913	-37.9454
  1914	-38.6944
  1915	-39.3963
  1916	-40.0317
  1917	-40.5772
  1918	-41.0028
  1919	-41.2738
  1920	-41.3557
  1921	-41.2204
  1922	-40.8542
  1923	-40.2626
  1924	-39.4725
  1925	-38.5302
  1926	-37.4952
  1927	-36.4293
  1928	-35.3846
  1929	-34.3947
  1930	-33.472
  1931	-32.6111
  1932	-31.7986
  1933	-31.0296
  1934	-30.3209
  1935	-29.716
  1936	-29.2806
  1937	-29.0882
  1938	-29.1971
  1939	-29.6304
  1940	-30.3642
  1941	-31.331
  1942	-32.4309
  1943	-33.5579
  1944	-34.6214
  1945	-35.5604
  1946	-36.3473
  1947	-36.9796
  1948	-37.4649
  1949	-37.8055
  1950	-37.9891
  1951	-37.9903
  1952	-37.7784
  1953	-37.3335
  1954	-36.6582
  1955	-35.7877
  1956	-34.7877
  1957	-33.7435
  1958	-32.7473
  1959	-31.8794
  1960	-31.1927
  1961	-30.7063
  1962	-30.4082
  1963	-30.2645
  1964	-30.2352
  1965	-30.2896
  1966	-30.4143
  1967	-30.6111
  1968	-30.8891
  1969	-31.2526
  1970	-31.6899
  1971	-32.1707
  1972	-32.6505
  1973	-33.0806
  1974	-33.4209
  1975	-33.6507
  1976	-33.7735
  1977	-33.8139
  1978	-33.8084
  1979	-33.7934
  1980	-33.7959
  1981	-33.8258
  1982	-33.8781
  1983	-33.9365
  1984	-33.982
  1985	-34.0002
  1986	-33.9843
  1987	-33.9337
  1988	-33.8487
  1989	-33.7232
  1990	-33.5414
  1991	-33.2786
  1992	-32.9065
  1993	-32.4024
  1994	-31.7564
  1995	-30.978
  1996	-30.0967
  1997	-29.1579
  1998	-28.2165
  1999	-27.3277
  2000	-26.5392
  2001	-25.8855
