     1	51.2877
     2	51.94
     3	52.5235
     4	53.0047
     5	53.3623
     6	53.5906
     7	53.7
     8	53.7107
     9	53.6469
    10	53.5305
    11	53.3766
    12	53.19
    13	52.9682
    14	52.703
    15	52.3866
    16	52.0165
    17	51.6014
    18	51.1636
    19	50.7386
    20	50.3702
    21	50.1013
    22	49.9615
    23	49.9578
    24	50.0709
    25	50.2617
    26	50.4822
    27	50.6883
    28	50.8515
    29	50.9645
    30	51.038
    31	51.0934
    32	51.1528
    33	51.2297
    34	51.3235
    35	51.4205
    36	51.5005
    37	51.5455
    38	51.5486
    39	51.5183
    40	51.4775
    41	51.4574
    42	51.49
    43	51.6004
    44	51.803
    45	52.0992
    46	52.4792
    47	52.9252
    48	53.4153
    49	53.9288
    50	54.4519
    51	54.9797
    52	55.5189
    53	56.0827
    54	56.6858
    55	57.3389
    56	58.042
    57	58.7843
    58	59.5435
    59	60.2912
    60	61.0001
    61	61.6482
    62	62.2222
    63	62.7139
    64	63.1178
    65	63.4313
    66	63.6527
    67	63.7815
    68	63.82
    69	63.7739
    70	63.6498
    71	63.4542
    72	63.1925
    73	62.8696
    74	62.4926
    75	62.0733
    76	61.632
    77	61.1979
    78	60.8089
    79	60.5064
    80	60.3247
    81	60.2847
    82	60.3885
    83	60.6198
    84	60.9495
    85	61.3425
    86	61.7638
    87	62.1814
    88	62.5688
    89	62.9043
    90	63.1696
    91	63.3491
    92	63.4295
    93	63.3982
    94	63.2419
    95	62.9456
    96	62.4942
    97	61.8767
    98	61.0937
    99	60.1625
   100	59.1212
   101	58.0236
   102	56.9283
   103	55.8857
   104	54.9294
   105	54.0727
   106	53.3163
   107	52.6588
   108	52.1075
   109	51.6826
   110	51.4122
   111	51.3258
   112	51.444
   113	51.7696
   114	52.2844
   115	52.9505
   116	53.7171
   117	54.5278
   118	55.3324
   119	56.0934
   120	56.7876
   121	57.4074
   122	57.9586
   123	58.4524
   124	58.8976
   125	59.294
   126	59.6283
   127	59.8756
   128	60.0051
   129	59.9901
   130	59.8175
   131	59.4939
   132	59.0472
   133	58.5221
   134	57.9714
   135	57.4438
   136	56.9759
   137	56.5883
   138	56.2866
   139	56.0674
   140	55.9247
   141	55.8555
   142	55.8639
   143	55.9597
   144	56.1574
   145	56.4708
   146	56.9092
   147	57.4719
   148	58.1461
   149	58.906
   150	59.7142
   151	60.5255
   152	61.2958
   153	61.9873
   154	62.5733
   155	63.0412
   156	63.391
   157	63.6307
   158	63.7731
   159	63.8301
   160	63.8093
   161	63.7112
   162	63.5283
   163	63.2466
   164	62.849
   165	62.3193
   166	61.6495
   167	60.8454
   168	59.9301
   169	58.9412
   170	57.9286
   171	56.9429
   172	56.0256
   173	55.1989
   174	54.464
   175	53.808
   176	53.2131
   177	52.6683
   178	52.1775
   179	51.7622
   180	51.4561
   181	51.2937
   182	51.2979
   183	51.4687
   184	51.7779
   185	52.1727
   186	52.5845
   187	52.9423
   188	53.1875
   189	53.2842
   190	53.2232
   191	53.0207
   192	52.7095
   193	52.3282
   194	51.9088
   195	51.4664
   196	50.998
   197	50.4901
   198	49.9279
   199	49.308
   200	48.6464
   201	47.9795
   202	47.359
   203	46.8397
   204	46.4662
   205	46.2627
   206	46.2287
   207	46.3416
   208	46.5657
   209	46.8625
   210	47.2006
   211	47.5607
   212	47.9366
   213	48.3311
   214	48.7491
   215	49.1912
   216	49.6477
   217	50.0991
   218	50.5179
   219	50.8741
   220	51.1435
   221	51.3123
   222	51.3798
   223	51.3572
   224	51.2634
   225	51.1198
   226	50.9439
   227	50.7462
   228	50.5283
   229	50.2849
   230	50.0045
   231	49.674
   232	49.2829
   233	48.8271
   234	48.3125
   235	47.7531
   236	47.1695
   237	46.5859
   238	46.0245
   239	45.503
   240	45.0349
   241	44.6278
   242	44.2861
   243	44.0104
   244	43.7987
   245	43.6497
   246	43.5618
   247	43.5342
   248	43.5667
   249	43.6582
   250	43.8062
   251	44.0038
   252	44.2382
   253	44.4916
   254	44.743
   255	44.9711
   256	45.1603
   257	45.3051
   258	45.4119
   259	45.499
   260	45.5918
   261	45.7153
   262	45.8855
   263	46.1046
   264	46.3594
   265	46.6248
   266	46.8742
   267	47.0891
   268	47.2678
   269	47.4291
   270	47.6056
   271	47.8354
   272	48.1476
   273	48.5513
   274	49.0295
   275	49.5408
   276	50.0306
   277	50.4455
   278	50.7479
   279	50.9263
   280	50.9951
   281	50.9906
   282	50.9596
   283	50.9449
   284	50.9723
   285	51.0419
   286	51.1301
   287	51.1996
   288	51.2149
   289	51.1582
   290	51.0394
   291	50.8994
   292	50.801
   293	50.8132
   294	50.9895
   295	51.3491
   296	51.8701
   297	52.4958
   298	53.1479
   299	53.7476
   300	54.2354
   301	54.58
   302	54.7796
   303	54.8528
   304	54.8263
   305	54.7202
   306	54.539
   307	54.2701
   308	53.8903
   309	53.376
   310	52.7155
   311	51.9161
   312	51.0085
   313	50.0416
   314	49.0734
   315	48.1595
   316	47.3421
   317	46.6439
   318	46.0684
   319	45.6033
   320	45.227
   321	44.9147
   322	44.6441
   323	44.3974
   324	44.1622
   325	43.9301
   326	43.6944
   327	43.4505
   328	43.1933
   329	42.9183
   330	42.6229
   331	42.3058
   332	41.9674
   333	41.6107
   334	41.243
   335	40.8769
   336	40.5316
   337	40.2318
   338	40.0065
   339	39.886
   340	39.8973
   341	40.0586
   342	40.3759
   343	40.8375
   344	41.4143
   345	42.0639
   346	42.7382
   347	43.3921
   348	43.9938
   349	44.5299
   350	45.0036
   351	45.4298
   352	45.8256
   353	46.1983
   354	46.5378
   355	46.8185
   356	47.0052
   357	47.0669
   358	46.9898
   359	46.7848
   360	46.4874
   361	46.1478
   362	45.8192
   363	45.5406
   364	45.3282
   365	45.1744
   366	45.0546
   367	44.9387
   368	44.804
   369	44.6454
   370	44.4769
   371	44.3287
   372	44.237
   373	44.2331
   374	44.3314
   375	44.5238
   376	44.7817
   377	45.0653
   378	45.3379
   379	45.5774
   380	45.7853
   381	45.9855
   382	46.2162
   383	46.5145
   384	46.9012
   385	47.3695
   386	47.8843
   387	48.3926
   388	48.8365
   389	49.1702
   390	49.3726
   391	49.4509
   392	49.4362
   393	49.3723
   394	49.2996
   395	49.2431
   396	49.2031
   397	49.157
   398	49.0682
   399	48.8994
   400	48.6257
   401	48.2438
   402	47.7731
   403	47.2517
   404	46.7259
   405	46.238
   406	45.8171
   407	45.4754
   408	45.2094
   409	45.0064
   410	44.8523
   411	44.7379
   412	44.662
   413	44.6314
   414	44.6584
   415	44.755
   416	44.9293
   417	45.1827
   418	45.5083
   419	45.8914
   420	46.3118
   421	46.7442
   422	47.16
   423	47.5302
   424	47.8294
   425	48.0369
   426	48.1423
   427	48.1468
   428	48.0637
   429	47.9165
   430	47.7335
   431	47.5414
   432	47.3581
   433	47.1885
   434	47.0247
   435	46.8505
   436	46.649
   437	46.4121
   438	46.1454
   439	45.8694
   440	45.6127
   441	45.4019
   442	45.2507
   443	45.1508
   444	45.0704
   445	44.9617
   446	44.7717
   447	44.4566
   448	43.9932
   449	43.3866
   450	42.669
   451	41.8927
   452	41.1153
   453	40.3797
   454	39.6994
   455	39.0551
   456	38.4012
   457	37.6807
   458	36.8445
   459	35.8681
   460	34.7627
   461	33.5716
   462	32.3584
   463	31.1856
   464	30.0949
   465	29.0986
   466	28.1777
   467	27.2967
   468	26.4178
   469	25.5182
   470	24.6062
   471	23.7209
   472	22.9251
   473	22.2895
   474	21.8741
   475	21.7157
   476	21.8192
   477	22.1597
   478	22.6915
   479	23.3612
   480	24.1188
   481	24.9263
   482	25.7609
   483	26.6116
   484	27.4735
   485	28.3407
   486	29.2
   487	30.026
   488	30.7849
   489	31.4384
   490	31.9487
   491	32.2873
   492	32.4394
   493	32.4078
   494	32.2114
   495	31.8822
   496	31.4587
   497	30.9803
   498	30.4833
   499	29.9987
   500	29.5509
   501	29.158
   502	28.8339
   503	28.5876
   504	28.4244
   505	28.3469
   506	28.3566
   507	28.4547
   508	28.6443
   509	28.9284
   510	29.3079
   511	29.7772
   512	30.321
   513	30.9101
   514	31.5042
   515	32.0601
   516	32.5403
   517	32.9221
   518	33.2041
   519	33.4054
   520	33.5594
   521	33.7022
   522	33.8591
   523	34.0357
   524	34.2151
   525	34.3638
   526	34.4445
   527	34.4307
   528	34.3176
   529	34.125
   530	33.8936
   531	33.6722
   532	33.5034
   533	33.411
   534	33.3931
   535	33.4242
   536	33.4649
   537	33.4746
   538	33.4254
   539	33.3097
   540	33.1435
   541	32.9634
   542	32.8179
   543	32.7525
   544	32.7952
   545	32.9465
   546	33.1761
   547	33.4309
   548	33.6496
   549	33.7805
   550	33.796
   551	33.6986
   552	33.5178
   553	33.2966
   554	33.0732
   555	32.8629
   556	32.6498
   557	32.3907
   558	32.0272
   559	31.5064
   560	30.7982
   561	29.9066
   562	28.868
   563	27.7468
   564	26.6222
   565	25.5691
   566	24.6467
   567	23.8913
   568	23.316
   569	22.9166
   570	22.6776
   571	22.5815
   572	22.6146
   573	22.7702
   574	23.0484
   575	23.4522
   576	23.9817
   577	24.629
   578	25.3708
   579	26.1664
   580	26.9641
   581	27.7064
   582	28.339
   583	28.818
   584	29.114
   585	29.2142
   586	29.1203
   587	28.8459
   588	28.4136
   589	27.8511
   590	27.1872
   591	26.4488
   592	25.6557
   593	24.8187
   594	23.9391
   595	23.012
   596	22.0348
   597	21.013
   598	19.9718
   599	18.9567
   600	18.0244
   601	17.2319
   602	16.6227
   603	16.2123
   604	15.9848
   605	15.8986
   606	15.8998
   607	15.938
   608	15.981
   609	16.022
   610	16.0778
   611	16.1797
   612	16.3587
   613	16.6316
   614	16.9902
   615	17.3985
   616	17.7992
   617	18.1254
   618	18.3206
   619	18.3519
   620	18.2176
   621	17.9475
   622	17.5932
   623	17.2107
   624	16.8433
   625	16.5077
   626	16.1914
   627	15.8611
   628	15.4767
   629	15.0087
   630	14.4515
   631	13.827
   632	13.1806
   633	12.5692
   634	12.0475
   635	11.6529
   636	11.3984
   637	11.2725
   638	11.2474
   639	11.2899
   640	11.3741
   641	11.4913
   642	11.6539
   643	11.8931
   644	12.2478
   645	12.7523
   646	13.4231
   647	14.251
   648	15.2045
   649	16.2384
   650	17.3037
   651	18.3599
   652	19.3843
   653	20.368
   654	21.3111
   655	22.2185
   656	23.0899
   657	23.9161
   658	24.6782
   659	25.3526
   660	25.9154
   661	26.3486
   662	26.6435
   663	26.8001
   664	26.8265
   665	26.7355
   666	26.5435
   667	26.2677
   668	25.9267
   669	25.5388
   670	25.1218
   671	24.6917
   672	24.2622
   673	23.8411
   674	23.4312
   675	23.0347
   676	22.6563
   677	22.3084
   678	22.0118
   679	21.7952
   680	21.6909
   681	21.7276
   682	21.9228
   683	22.2767
   684	22.7714
   685	23.3744
   686	24.0458
   687	24.749
   688	25.4563
   689	26.1539
   690	26.8402
   691	27.5188
   692	28.1893
   693	28.8387
   694	29.4367
   695	29.9383
   696	30.2904
   697	30.4441
   698	30.3668
   699	30.0504
   700	29.5147
   701	28.8037
   702	27.9772
   703	27.0999
   704	26.2301
   705	25.4082
   706	24.6561
   707	23.9805
   708	23.3834
   709	22.8738
   710	22.4719
   711	22.2136
   712	22.1446
   713	22.3101
   714	22.7409
   715	23.4395
   716	24.3752
   717	25.4846
   718	26.6855
   719	27.8937
   720	29.0359
   721	30.0618
   722	30.9463
   723	31.6844
   724	32.2826
   725	32.7479
   726	33.0813
   727	33.2787
   728	33.3327
   729	33.2395
   730	33.0049
   731	32.6475
   732	32.1976
   733	31.6944
   734	31.1807
   735	30.6948
   736	30.2659
   737	29.9085
   738	29.6244
   739	29.4029
   740	29.2236
   741	29.0616
   742	28.8929
   743	28.6992
   744	28.4701
   745	28.2027
   746	27.901
   747	27.5751
   748	27.2383
   749	26.9058
   750	26.5963
   751	26.3307
   752	26.1322
   753	26.0235
   754	26.0246
   755	26.1508
   756	26.4077
   757	26.7921
   758	27.291
   759	27.8846
   760	28.5486
   761	29.2567
   762	29.9813
   763	30.6912
   764	31.3516
   765	31.925
   766	32.3739
   767	32.6657
   768	32.7765
   769	32.695
   770	32.4239
   771	31.9806
   772	31.3936
   773	30.6992
   774	29.9369
   775	29.1456
   776	28.3607
   777	27.6143
   778	26.9367
   779	26.3583
   780	25.9077
   781	25.6106
   782	25.4879
   783	25.5509
   784	25.7976
   785	26.2108
   786	26.7597
   787	27.4048
   788	28.1044
   789	28.8198
   790	29.5209
   791	30.1845
   792	30.7919
   793	31.324
   794	31.7582
   795	32.0684
   796	32.2292
   797	32.2225
   798	32.0448
   799	31.7124
   800	31.2623
   801	30.7482
   802	30.2323
   803	29.7733
   804	29.4154
   805	29.1817
   806	29.0719
   807	29.0676
   808	29.1414
   809	29.2684
   810	29.4341
   811	29.6376
   812	29.8883
   813	30.1966
   814	30.5628
   815	30.968
   816	31.3711
   817	31.7145
   818	31.9365
   819	31.9851
   820	31.8315
   821	31.475
   822	30.9451
   823	30.2915
   824	29.5717
   825	28.8386
   826	28.1293
   827	27.4614
   828	26.8342
   829	26.237
   830	25.6606
   831	25.1032
   832	24.5734
   833	24.0872
   834	23.6621
   835	23.3101
   836	23.034
   837	22.8259
   838	22.6691
   839	22.5412
   840	22.4186
   841	22.2778
   842	22.0981
   843	21.8624
   844	21.5599
   845	21.1884
   846	20.7564
   847	20.285
   848	19.8049
   849	19.3526
   850	18.9666
   851	18.6808
   852	18.5199
   853	18.497
   854	18.6129
   855	18.8588
   856	19.2199
   857	19.6801
   858	20.2264
   859	20.8525
   860	21.5581
   861	22.3464
   862	23.2179
   863	24.1626
   864	25.1532
   865	26.1444
   866	27.0781
   867	27.8962
   868	28.5524
   869	29.0224
   870	29.31
   871	29.4421
   872	29.4575
   873	29.3936
   874	29.2739
   875	29.1031
   876	28.8711
   877	28.5651
   878	28.1815
   879	27.7362
   880	27.2678
   881	26.8313
   882	26.4856
   883	26.2809
   884	26.2473
   885	26.386
   886	26.6727
   887	27.0639
   888	27.511
   889	27.9723
   890	28.4202
   891	28.8433
   892	29.2449
   893	29.6355
   894	30.024
   895	30.4126
   896	30.7933
   897	31.1502
   898	31.4631
   899	31.7141
   900	31.8985
   901	32.0254
   902	32.1171
   903	32.2015
   904	32.3035
   905	32.4361
   906	32.5973
   907	32.7712
   908	32.9359
   909	33.0704
   910	33.1607
   911	33.202
   912	33.1947
   913	33.1385
   914	33.0256
   915	32.8381
   916	32.5498
   917	32.1334
   918	31.5718
   919	30.8649
   920	30.0344
   921	29.1215
   922	28.1814
   923	27.2725
   924	26.4473
   925	25.7465
   926	25.1955
   927	24.8062
   928	24.5805
   929	24.5164
   930	24.6123
   931	24.8682
   932	25.2855
   933	25.8624
   934	26.5904
   935	27.453
   936	28.4244
   937	29.4716
   938	30.5584
   939	31.6485
   940	32.711
   941	33.721
   942	34.6587
   943	35.5092
   944	36.2597
   945	36.9014
   946	37.431
   947	37.8541
   948	38.187
   949	38.4556
   950	38.6929
   951	38.9309
   952	39.1934
   953	39.4905
   954	39.815
   955	40.1447
   956	40.4492
   957	40.6993
   958	40.8746
   959	40.9685
   960	40.9872
   961	40.9444
   962	40.8532
   963	40.7178
   964	40.5306
   965	40.2728
   966	39.9208
   967	39.4564
   968	38.8732
   969	38.1827
   970	37.4153
   971	36.615
   972	35.833
   973	35.1146
   974	34.4902
   975	33.97
   976	33.5446
   977	33.1925
   978	32.8914
   979	32.6289
   980	32.4073
   981	32.2449
   982	32.1677
   983	32.1983
   984	32.345
   985	32.5947
   986	32.9149
   987	33.2612
   988	33.5903
   989	33.8716
   990	34.0932
   991	34.263
   992	34.4037
   993	34.5446
   994	34.7119
   995	34.9209
   996	35.1727
   997	35.4554
   998	35.7483
   999	36.0281
  1000	36.2783
  1001	36.493
  1002	36.6787
  1003	36.8521
  1004	37.0345
  1005	37.2449
  1006	37.4941
  1007	37.7812
  1008	38.0937
  1009	38.4117
  1010	38.7124
  1011	38.9747
  1012	39.1807
  1013	39.3154
  1014	39.3652
  1015	39.3176
  1016	39.1627
  1017	38.8959
  1018	38.5203
  1019	38.0473
  1020	37.4965
  1021	36.8921
  1022	36.2571
  1023	35.6103
  1024	34.9639
  1025	34.3264
  1026	33.7073
  1027	33.1222
  1028	32.5959
  1029	32.1619
  1030	31.8582
  1031	31.7189
  1032	31.7642
  1033	31.9938
  1034	32.3841
  1035	32.8922
  1036	33.4666
  1037	34.0585
  1038	34.6327
  1039	35.1722
  1040	35.676
  1041	36.1521
  1042	36.6062
  1043	37.0333
  1044	37.4131
  1045	37.7119
  1046	37.8921
  1047	37.9226
  1048	37.7913
  1049	37.5099
  1050	37.1139
  1051	36.6551
  1052	36.1893
  1053	35.7619
  1054	35.3958
  1055	35.0867
  1056	34.8073
  1057	34.5199
  1058	34.1905
  1059	33.8014
  1060	33.3575
  1061	32.8851
  1062	32.4224
  1063	32.0081
  1064	31.669
  1065	31.4122
  1066	31.2256
  1067	31.0847
  1068	30.962
  1069	30.8376
  1070	30.707
  1071	30.5819
  1072	30.4873
  1073	30.4527
  1074	30.5022
  1075	30.6469
  1076	30.8817
  1077	31.1888
  1078	31.5457
  1079	31.9343
  1080	32.3477
  1081	32.7916
  1082	33.2802
  1083	33.8272
  1084	34.4367
  1085	35.1003
  1086	35.7981
  1087	36.5033
  1088	37.1906
  1089	37.8403
  1090	38.4412
  1091	38.9867
  1092	39.4719
  1093	39.8875
  1094	40.2188
  1095	40.4507
  1096	40.5717
  1097	40.579
  1098	40.4819
  1099	40.3012
  1100	40.0654
  1101	39.8043
  1102	39.5436
  1103	39.3007
  1104	39.0833
  1105	38.8909
  1106	38.7202
  1107	38.5712
  1108	38.4527
  1109	38.385
  1110	38.3966
  1111	38.5174
  1112	38.7684
  1113	39.1525
  1114	39.6505
  1115	40.2233
  1116	40.8218
  1117	41.4003
  1118	41.9283
  1119	42.3965
  1120	42.8138
  1121	43.2001
  1122	43.5739
  1123	43.9408
  1124	44.2863
  1125	44.5776
  1126	44.7721
  1127	44.8291
  1128	44.7232
  1129	44.4525
  1130	44.0426
  1131	43.5428
  1132	43.0174
  1133	42.5289
  1134	42.1224
  1135	41.8197
  1136	41.6161
  1137	41.4897
  1138	41.4157
  1139	41.3808
  1140	41.3913
  1141	41.4744
  1142	41.6687
  1143	42.0104
  1144	42.5189
  1145	43.1862
  1146	43.9763
  1147	44.8344
  1148	45.6979
  1149	46.5098
  1150	47.2269
  1151	47.8214
  1152	48.2788
  1153	48.594
  1154	48.7674
  1155	48.8026
  1156	48.705
  1157	48.4851
  1158	48.1591
  1159	47.7503
  1160	47.291
  1161	46.822
  1162	46.3903
  1163	46.0428
  1164	45.8189
  1165	45.7476
  1166	45.8427
  1167	46.1034
  1168	46.5201
  1169	47.081
  1170	47.7748
  1171	48.5916
  1172	49.5177
  1173	50.5309
  1174	51.5954
  1175	52.6608
  1176	53.6695
  1177	54.5677
  1178	55.3144
  1179	55.8882
  1180	56.2872
  1181	56.5218
  1182	56.6061
  1183	56.5463
  1184	56.3382
  1185	55.9681
  1186	55.421
  1187	54.6918
  1188	53.7913
  1189	52.75
  1190	51.6182
  1191	50.4564
  1192	49.3235
  1193	48.2658
  1194	47.3082
  1195	46.452
  1196	45.6821
  1197	44.977
  1198	44.3223
  1199	43.7193
  1200	43.1845
  1201	42.7449
  1202	42.4276
  1203	42.2474
  1204	42.1962
  1205	42.2418
  1206	42.3322
  1207	42.4087
  1208	42.4194
  1209	42.3312
  1210	42.1352
  1211	41.8451
  1212	41.4888
  1213	41.0968
  1214	40.6891
  1215	40.2683
  1216	39.8206
  1217	39.3235
  1218	38.7608
  1219	38.1322
  1220	37.4584
  1221	36.7791
  1222	36.145
  1223	35.6042
  1224	35.1907
  1225	34.9189
  1226	34.7823
  1227	34.7577
  1228	34.8145
  1229	34.9249
  1230	35.0706
  1231	35.2449
  1232	35.4512
  1233	35.6974
  1234	35.9908
  1235	36.3346
  1236	36.7264
  1237	37.1605
  1238	37.6288
  1239	38.1235
  1240	38.6407
  1241	39.1792
  1242	39.7392
  1243	40.3166
  1244	40.8989
  1245	41.468
  1246	41.9993
  1247	42.4654
  1248	42.8406
  1249	43.1043
  1250	43.2432
  1251	43.2496
  1252	43.1197
  1253	42.8499
  1254	42.4351
  1255	41.8694
  1256	41.1506
  1257	40.2875
  1258	39.305
  1259	38.2462
  1260	37.1712
  1261	36.1477
  1262	35.2375
  1263	34.4856
  1264	33.9124
  1265	33.512
  1266	33.2601
  1267	33.1247
  1268	33.0796
  1269	33.1112
  1270	33.2198
  1271	33.4134
  1272	33.699
  1273	34.0713
  1274	34.5057
  1275	34.9603
  1276	35.3829
  1277	35.7238
  1278	35.9481
  1279	36.0437
  1280	36.023
  1281	35.9178
  1282	35.7689
  1283	35.6139
  1284	35.4767
  1285	35.3639
  1286	35.2649
  1287	35.1605
  1288	35.0328
  1289	34.8755
  1290	34.6995
  1291	34.5322
  1292	34.4098
  1293	34.3658
  1294	34.4193
  1295	34.5677
  1296	34.7875
  1297	35.0414
  1298	35.2913
  1299	35.5105
  1300	35.6895
  1301	35.8377
  1302	35.9765
  1303	36.1301
  1304	36.3147
  1305	36.5323
  1306	36.7693
  1307	37.0016
  1308	37.2035
  1309	37.358
  1310	37.4621
  1311	37.5299
  1312	37.5873
  1313	37.6656
  1314	37.7917
  1315	37.9828
  1316	38.2439
  1317	38.57
  1318	38.9522
  1319	39.3835
  1320	39.862
  1321	40.39
  1322	40.9716
  1323	41.6045
  1324	42.2762
  1325	42.9646
  1326	43.6412
  1327	44.2769
  1328	44.8494
  1329	45.3483
  1330	45.7743
  1331	46.1375
  1332	46.4516
  1333	46.7285
  1334	46.9729
  1335	47.1827
  1336	47.3506
  1337	47.4698
  1338	47.5385
  1339	47.5648
  1340	47.5661
  1341	47.566
  1342	47.5866
  1343	47.6398
  1344	47.7213
  1345	47.8098
  1346	47.8735
  1347	47.8799
  1348	47.8075
  1349	47.6537
  1350	47.436
  1351	47.1869
  1352	46.9421
  1353	46.7291
  1354	46.5573
  1355	46.4159
  1356	46.2791
  1357	46.1153
  1358	45.9005
  1359	45.627
  1360	45.3051
  1361	44.962
  1362	44.6314
  1363	44.3425
  1364	44.1086
  1365	43.9234
  1366	43.7623
  1367	43.5919
  1368	43.3822
  1369	43.1186
  1370	42.8093
  1371	42.4848
  1372	42.1919
  1373	41.9799
  1374	41.8883
  1375	41.937
  1376	42.1233
  1377	42.4263
  1378	42.816
  1379	43.2644
  1380	43.7555
  1381	44.2857
  1382	44.8609
  1383	45.4856
  1384	46.1541
  1385	46.8458
  1386	47.5257
  1387	48.1497
  1388	48.6761
  1389	49.0733
  1390	49.3251
  1391	49.4303
  1392	49.3985
  1393	49.2447
  1394	48.9843
  1395	48.6315
  1396	48.1996
  1397	47.7046
  1398	47.1675
  1399	46.6183
  1400	46.0952
  1401	45.6429
  1402	45.3054
  1403	45.1178
  1404	45.0956
  1405	45.2317
  1406	45.4969
  1407	45.8489
  1408	46.2443
  1409	46.6508
  1410	47.0522
  1411	47.4474
  1412	47.844
  1413	48.249
  1414	48.6614
  1415	49.0657
  1416	49.434
  1417	49.7333
  1418	49.9323
  1419	50.0098
  1420	49.9599
  1421	49.7924
  1422	49.5306
  1423	49.2042
  1424	48.8432
  1425	48.4706
  1426	48.0995
  1427	47.7328
  1428	47.3691
  1429	47.0089
  1430	46.6604
  1431	46.3428
  1432	46.0848
  1433	45.919
  1434	45.8726
  1435	45.9595
  1436	46.1757
  1437	46.5001
  1438	46.9003
  1439	47.3422
  1440	47.7975
  1441	48.2488
  1442	48.6898
  1443	49.1204
  1444	49.5407
  1445	49.9489
  1446	50.3384
  1447	50.6996
  1448	51.0248
  1449	51.3118
  1450	51.5658
  1451	51.7974
  1452	52.0187
  1453	52.2402
  1454	52.4668
  1455	52.6985
  1456	52.9321
  1457	53.1658
  1458	53.4019
  1459	53.6474
  1460	53.9122
  1461	54.2062
  1462	54.5342
  1463	54.8914
  1464	55.2629
  1465	55.6269
  1466	55.9622
  1467	56.2565
  1468	56.5143
  1469	56.7589
  1470	57.0306
  1471	57.3772
  1472	57.8408
  1473	58.4439
  1474	59.1805
  1475	60.0152
  1476	60.8916
  1477	61.7439
  1478	62.5142
  1479	63.1626
  1480	63.666
  1481	64.0162
  1482	64.2122
  1483	64.2509
  1484	64.1208
  1485	63.8006
  1486	63.2624
  1487	62.4823
  1488	61.4486
  1489	60.1716
  1490	58.6917
  1491	57.0773
  1492	55.4174
  1493	53.8033
  1494	52.3106
  1495	50.9915
  1496	49.8665
  1497	48.93
  1498	48.1619
  1499	47.5401
  1500	47.0523
  1501	46.6983
  1502	46.4869
  1503	46.4273
  1504	46.519
  1505	46.747
  1506	47.0801
  1507	47.478
  1508	47.8988
  1509	48.3083
  1510	48.6844
  1511	49.0188
  1512	49.3153
  1513	49.5854
  1514	49.8429
  1515	50.0995
  1516	50.3596
  1517	50.6189
  1518	50.8651
  1519	51.081
  1520	51.2484
  1521	51.3518
  1522	51.3821
  1523	51.3378
  1524	51.2241
  1525	51.0505
  1526	50.8276
  1527	50.5646
  1528	50.2687
  1529	49.9457
  1530	49.6033
  1531	49.2514
  1532	48.9056
  1533	48.583
  1534	48.3018
  1535	48.0813
  1536	47.9401
  1537	47.8957
  1538	47.9641
  1539	48.1584
  1540	48.4878
  1541	48.9542
  1542	49.5472
  1543	50.2432
  1544	51.0073
  1545	51.7967
  1546	52.5695
  1547	53.2916
  1548	53.9448
  1549	54.5289
  1550	55.0529
  1551	55.5293
  1552	55.9652
  1553	56.3571
  1554	56.6908
  1555	56.9433
  1556	57.0914
  1557	57.1209
  1558	57.0329
  1559	56.8457
  1560	56.5923
  1561	56.3137
  1562	56.0498
  1563	55.8298
  1564	55.6657
  1565	55.5499
  1566	55.4598
  1567	55.3678
  1568	55.2519
  1569	55.1062
  1570	54.9459
  1571	54.8057
  1572	54.7324
  1573	54.7712
  1574	54.9509
  1575	55.2742
  1576	55.7155
  1577	56.2296
  1578	56.7654
  1579	57.2803
  1580	57.7515
  1581	58.1776
  1582	58.5738
  1583	58.9617
  1584	59.3577
  1585	59.7651
  1586	60.1711
  1587	60.5516
  1588	60.8769
  1589	61.1224
  1590	61.2766
  1591	61.3457
  1592	61.3524
  1593	61.3314
  1594	61.3208
  1595	61.3536
  1596	61.4491
  1597	61.6095
  1598	61.82
  1599	62.055
  1600	62.2858
  1601	62.4888
  1602	62.6498
  1603	62.766
  1604	62.8448
  1605	62.9004
  1606	62.9511
  1607	63.0152
  1608	63.1104
  1609	63.2515
  1610	63.45
  1611	63.7121
  1612	64.039
  1613	64.4242
  1614	64.8574
  1615	65.3261
  1616	65.8196
  1617	66.3307
  1618	66.8551
  1619	67.3872
  1620	67.9144
  1621	68.4143
  1622	68.8506
  1623	69.1775
  1624	69.3467
  1625	69.316
  1626	69.0576
  1627	68.566
  1628	67.8584
  1629	66.974
  1630	65.9697
  1631	64.9094
  1632	63.8532
  1633	62.8469
  1634	61.9167
  1635	61.0703
  1636	60.3044
  1637	59.6146
  1638	59.0062
  1639	58.4997
  1640	58.1277
  1641	57.927
  1642	57.9242
  1643	58.1217
  1644	58.4901
  1645	58.9698
  1646	59.4845
  1647	59.9589
  1648	60.3375
  1649	60.5963
  1650	60.7444
  1651	60.8163
  1652	60.8579
  1653	60.9096
  1654	60.9923
  1655	61.102
  1656	61.213
  1657	61.2877
  1658	61.2904
  1659	61.1993
  1660	61.0131
  1661	60.7527
  1662	60.4559
  1663	60.1682
  1664	59.929
  1665	59.7604
  1666	59.6614
  1667	59.6114
  1668	59.5783
  1669	59.5323
  1670	59.4569
  1671	59.3551
  1672	59.2484
  1673	59.1696
  1674	59.1521
  1675	59.2197
  1676	59.3792
  1677	59.6186
  1678	59.9114
  1679	60.2235
  1680	60.519
  1681	60.7654
  1682	60.9367
  1683	61.014
  1684	60.9865
  1685	60.8526
  1686	60.6193
  1687	60.3028
  1688	59.9255
  1689	59.5133
  1690	59.0932
  1691	58.6911
  1692	58.3293
  1693	58.0271
  1694	57.8005
  1695	57.6643
  1696	57.632
  1697	57.7157
  1698	57.9238
  1699	58.2596
  1700	58.7192
  1701	59.2881
  1702	59.9405
  1703	60.6395
  1704	61.3397
  1705	61.9955
  1706	62.568
  1707	63.0326
  1708	63.3829
  1709	63.6309
  1710	63.8016
  1711	63.9232
  1712	64.017
  1713	64.0881
  1714	64.1228
  1715	64.0931
  1716	63.9663
  1717	63.7166
  1718	63.3352
  1719	62.8359
  1720	62.254
  1721	61.6383
  1722	61.0371
  1723	60.4861
  1724	59.9995
  1725	59.567
  1726	59.1629
  1727	58.761
  1728	58.3485
  1729	57.937
  1730	57.5611
  1731	57.2721
  1732	57.1233
  1733	57.1559
  1734	57.387
  1735	57.8027
  1736	58.3624
  1737	59.0103
  1738	59.6876
  1739	60.3451
  1740	60.9542
  1741	61.5078
  1742	62.0145
  1743	62.4921
  1744	62.9571
  1745	63.4158
  1746	63.8615
  1747	64.2767
  1748	64.639
  1749	64.9308
  1750	65.1471
  1751	65.3002
  1752	65.4171
  1753	65.5328
  1754	65.6815
  1755	65.8867
  1756	66.1565
  1757	66.4817
  1758	66.8407
  1759	67.2063
  1760	67.5495
  1761	67.8459
  1762	68.0793
  1763	68.2412
  1764	68.3313
  1765	68.3576
  1766	68.334
  1767	68.28
  1768	68.2184
  1769	68.1717
  1770	68.1599
  1771	68.1987
  1772	68.2989
  1773	68.4686
  1774	68.7166
  1775	69.0515
  1776	69.4808
  1777	70.0079
  1778	70.6274
  1779	71.3221
  1780	72.0621
  1781	72.8063
  1782	73.5047
  1783	74.1094
  1784	74.5813
  1785	74.8935
  1786	75.0368
  1787	75.0202
  1788	74.8669
  1789	74.6072
  1790	74.2706
  1791	73.8768
  1792	73.4313
  1793	72.926
  1794	72.3455
  1795	71.6753
  1796	70.9111
  1797	70.0654
  1798	69.1669
  1799	68.2578
  1800	67.3859
  1801	66.5962
  1802	65.9173
  1803	65.3611
  1804	64.9228
  1805	64.5828
  1806	64.3198
  1807	64.1218
  1808	63.9945
  1809	63.9627
  1810	64.0647
  1811	64.3406
  1812	64.8179
  1813	65.4976
  1814	66.3482
  1815	67.3118
  1816	68.3151
  1817	69.2824
  1818	70.1537
  1819	70.8925
  1820	71.4818
  1821	71.9222
  1822	72.2275
  1823	72.4152
  1824	72.5012
  1825	72.4988
  1826	72.4156
  1827	72.2569
  1828	72.03
  1829	71.7487
  1830	71.4375
  1831	71.1327
  1832	70.8797
  1833	70.7246
  1834	70.7042
  1835	70.8384
  1836	71.1249
  1837	71.5391
  1838	72.0415
  1839	72.5864
  1840	73.1305
  1841	73.6393
  1842	74.0893
  1843	74.4702
  1844	74.7835
  1845	75.0376
  1846	75.2451
  1847	75.4202
  1848	75.5753
  1849	75.7177
  1850	75.8486
  1851	75.9627
  1852	76.0511
  1853	76.1059
  1854	76.1252
  1855	76.1152
  1856	76.0889
  1857	76.0609
  1858	76.0422
  1859	76.0347
  1860	76.0294
  1861	76.0093
  1862	75.9527
  1863	75.8408
  1864	75.6634
  1865	75.4238
  1866	75.1414
  1867	74.8507
  1868	74.598
  1869	74.4363
  1870	74.4155
  1871	74.5741
  1872	74.9317
  1873	75.4848
  1874	76.2083
  1875	77.0618
  1876	77.9999
  1877	78.9844
  1878	79.9845
  1879	80.978
  1880	81.9515
  1881	82.8924
  1882	83.7818
  1883	84.592
  1884	85.288
  1885	85.8337
  1886	86.1993
  1887	86.3681
  1888	86.3403
  1889	86.1334
  1890	85.7791
  1891	85.3173
  1892	84.787
  1893	84.2222
  1894	83.6462
  1895	83.0672
  1896	82.4811
  1897	81.8776
  1898	81.2448
  1899	80.5764
  1900	79.8798
  1901	79.1763
  1902	78.4979
  1903	77.8819
  1904	77.3629
  1905	76.968
  1906	76.7133
  1907	76.6066
  1908	76.6505
  1909	76.8472
  1910	77.2004
  1911	77.7145
  1912	78.3919
  1913	79.2259
  1914	80.1955
  1915	81.2673
  1916	82.3942
  1917	83.5188
  1918	84.5778
  1919	85.5081
  1920	86.2539
  1921	86.7722
  1922	87.0366
  1923	87.0397
  1924	86.7926
  1925	86.3223
  1926	85.6657
  1927	84.8651
  1928	83.9609
  1929	82.9881
  1930	81.9768
  1931	80.9537
  1932	79.9445
  1933	78.9788
  1934	78.0902
  1935	77.3115
  1936	76.6703
  1937	76.1831
  1938	75.8499
  1939	75.6536
  1940	75.5616
  1941	75.5306
  1942	75.5123
  1943	75.4618
  1944	75.3445
  1945	75.1423
  1946	74.8558
  1947	74.5034
  1948	74.1159
  1949	73.7271
  1950	73.3651
  1951	73.0435
  1952	72.7594
  1953	72.4972
  1954	72.2368
  1955	71.9628
  1956	71.6708
  1957	71.3689
  1958	71.0741
  1959	70.807
  1960	70.585
  1961	70.4176
  1962	70.3042
  1963	70.2359
  1964	70.1982
  1965	70.177
  1966	70.1621
  1967	70.151
  1968	70.1497
  1969	70.1705
  1970	70.2293
  1971	70.3418
  1972	70.5181
  1973	70.7581
  1974	71.0484
  1975	71.3631
  1976	71.6678
  1977	71.9257
  1978	72.1054
  1979	72.1867
  1980	72.164
  1981	72.0461
  1982	71.853
  1983	71.6099
  1984	71.3415
  1985	71.0669
  1986	70.797
  1987	70.5363
  1988	70.2869
  1989	70.054
  1990	69.8481
  1991	69.685
  1992	69.5839
  1993	69.5622
  1994	69.6309
  1995	69.7888
  1996	70.0209
  1997	70.2986
  1998	70.5829
  1999	70.8303
  2000	70.9998
  2001	71.0597
